37.238968	126.772981	-0.555754
37.238972	126.772984	-0.555754
37.238976	126.772986	-0.555754
37.238980	126.772989	-0.555754
37.238984	126.772992	-0.555754
37.238988	126.772994	-0.555754
37.238992	126.772997	-0.555754
37.238996	126.773000	-0.555754
37.239000	126.773003	-0.555754
37.239004	126.773005	-0.555754
37.239008	126.773008	-0.555754
37.239012	126.773011	-0.555754
37.239016	126.773014	-0.555754
37.239020	126.773016	-0.555754
37.239024	126.773019	-0.555754
37.239028	126.773022	-0.555754
37.239032	126.773024	-0.555754
37.239035	126.773027	-0.555754
37.239039	126.773030	-0.555754
37.239043	126.773032	-0.555754
37.239047	126.773035	-0.555754
37.239051	126.773038	-0.555754
37.239055	126.773040	-0.555754
37.239059	126.773043	-0.555754
37.239063	126.773046	-0.555754
37.239067	126.773048	-0.555754
37.239071	126.773051	-0.555754
37.239075	126.773054	-0.555754
37.239079	126.773056	-0.555754
37.239083	126.773059	-0.555754
37.239087	126.773062	-0.555754
37.239091	126.773064	-0.555754
37.239095	126.773067	-0.555754
37.239099	126.773070	-0.555754
37.239103	126.773072	-0.555754
37.239107	126.773075	-0.555754
37.239111	126.773078	-0.555754
37.239115	126.773080	-0.555754
37.239119	126.773083	-0.555754
37.239123	126.773086	-0.555754
37.239127	126.773088	-0.555754
37.239131	126.773091	-0.555754
37.239135	126.773093	-0.555754
37.239139	126.773096	-0.555754
37.239142	126.773098	-0.555754
37.239146	126.773101	-0.555754
37.239150	126.773104	-0.555754
37.239155	126.773107	-0.555754
37.239158	126.773109	-0.555754
37.239162	126.773112	-0.555754
37.239166	126.773115	-0.555754
37.239170	126.773118	-0.555754
37.239174	126.773120	-0.555754
37.239178	126.773123	-0.555754
37.239182	126.773125	-0.555754
37.239186	126.773128	-0.555754
37.239190	126.773131	-0.555754
37.239194	126.773134	-0.555754
37.239198	126.773136	-0.555754
37.239202	126.773139	-0.555754
37.239206	126.773142	-0.555754
37.239210	126.773144	-0.555754
37.239214	126.773147	-0.555754
37.239218	126.773150	-0.555754
37.239222	126.773152	-0.555754
37.239226	126.773155	-0.555754
37.239230	126.773158	-0.555754
37.239234	126.773161	-0.555754
37.239238	126.773163	-0.555754
37.239242	126.773166	-0.555754
37.239246	126.773169	-0.555754
37.239250	126.773171	-0.555754
37.239254	126.773174	-0.555754
37.239258	126.773177	-0.555754
37.239262	126.773179	-0.555754
37.239266	126.773182	-0.555754
37.239270	126.773185	-0.555754
37.239274	126.773188	-0.555754
37.239278	126.773190	-0.555754
37.239282	126.773193	-0.555754
37.239285	126.773195	-0.555754
37.239289	126.773197	-0.555754
37.239293	126.773200	-0.555754
37.239298	126.773203	-0.555754
37.239301	126.773205	-0.555754
37.239305	126.773208	-0.555754
37.239309	126.773210	-0.555754
37.239314	126.773213	-0.555754
37.239317	126.773215	-0.555754
37.239321	126.773218	-0.555754
37.239325	126.773221	-0.555754
37.239330	126.773223	-0.555754
37.239334	126.773226	-0.555754
37.239338	126.773228	-0.555754
37.239342	126.773231	-0.555754
37.239346	126.773233	-0.555754
37.239350	126.773236	-0.555754
37.239354	126.773239	-0.555754
37.239358	126.773241	-0.555754
37.239362	126.773244	-0.555754
37.239366	126.773246	-0.555754
37.239370	126.773249	-0.555754
37.239374	126.773251	-0.555754
37.239378	126.773254	-0.555754
37.239382	126.773257	-0.555754
37.239386	126.773259	-0.555754
37.239390	126.773262	-0.555754
37.239394	126.773264	-0.555754
37.239398	126.773267	-0.555754
37.239402	126.773269	-0.555754
37.239406	126.773272	-0.555754
37.239411	126.773275	-0.555754
37.239414	126.773277	-0.555754
37.239419	126.773280	-0.555754
37.239421	126.773282	-0.555754
37.239426	126.773284	-0.555754
37.239430	126.773287	-0.555754
37.239434	126.773290	-0.555754
37.239438	126.773292	-0.555754
37.239442	126.773295	-0.555754
37.239446	126.773297	-0.555754
37.239450	126.773300	-0.555754
37.239454	126.773303	-0.555754
37.239458	126.773305	-0.555754
37.239462	126.773308	-0.555754
37.239466	126.773310	-0.555754
37.239470	126.773313	-0.555754
37.239474	126.773315	-0.555754
37.239478	126.773318	-0.555754
37.239482	126.773321	-0.555754
37.239486	126.773323	-0.555754
37.239490	126.773326	-0.555754
37.239494	126.773328	-0.555754
37.239498	126.773331	-0.555754
37.239503	126.773334	-0.555754
37.239506	126.773336	-0.555754
37.239510	126.773339	-0.555754
37.239515	126.773341	-0.555754
37.239519	126.773344	-0.555754
37.239522	126.773346	-0.555754
37.239526	126.773349	-0.555754
37.239530	126.773351	-0.555754
37.239534	126.773354	-0.555754
37.239538	126.773357	-0.555754
37.239542	126.773359	-0.555754
37.239546	126.773362	-0.555754
37.239550	126.773365	-0.555754
37.239554	126.773367	-0.555754
37.239558	126.773370	-0.555754
37.239562	126.773373	-0.555754
37.239566	126.773375	-0.555754
37.239570	126.773378	-0.555754
37.239574	126.773381	-0.555754
37.239578	126.773383	-0.555754
37.239582	126.773386	-0.555754
37.239586	126.773388	-0.555754
37.239590	126.773391	-0.555754
37.239594	126.773394	-0.555754
37.239598	126.773396	-0.555754
37.239602	126.773399	-0.555754
37.239606	126.773402	-0.555754
37.239610	126.773404	-0.555754
37.239614	126.773407	-0.555754
37.239618	126.773410	-0.555754
37.239622	126.773412	-0.555754
37.239626	126.773414	-0.555754
37.239630	126.773416	-0.555754
37.239634	126.773419	-0.555754
37.239638	126.773421	-0.555754
37.239642	126.773423	-0.555754
37.239647	126.773426	-0.555754
37.239651	126.773428	-0.555754
37.239655	126.773430	-0.555754
37.239659	126.773433	-0.555754
37.239663	126.773435	-0.555754
37.239667	126.773436	-0.555754
37.239672	126.773437	-0.555754
37.239676	126.773439	-0.555754
37.239681	126.773440	-0.555754
37.239685	126.773441	-0.555754
37.239689	126.773443	-0.555754
37.239694	126.773444	-0.555754
37.239698	126.773445	-0.555754
37.239703	126.773446	-0.555754
37.239707	126.773447	-0.555754
37.239711	126.773448	-0.555754
37.239716	126.773448	-0.555754
37.239720	126.773448	-0.555754
37.239725	126.773447	-0.555754
37.239729	126.773447	-0.555754
37.239734	126.773446	-0.555754
37.239738	126.773445	-0.555754
37.239743	126.773445	-0.555754
37.239747	126.773444	-0.555754
37.239752	126.773442	-0.555754
37.239756	126.773440	-0.555754
37.239760	126.773437	-0.555754
37.239763	126.773434	-0.555754
37.239767	126.773431	-0.555754
37.239771	126.773428	-0.555754
37.239775	126.773425	-0.555754
37.239779	126.773421	-0.555754
37.239782	126.773418	-0.555754
37.239785	126.773413	-0.555754
37.239787	126.773409	-0.555754
37.239790	126.773404	-0.555754
37.239793	126.773400	-0.555754
37.239795	126.773395	-0.555754
37.239798	126.773391	-0.555754
37.239800	126.773386	-0.555754
37.239803	126.773381	-0.555754
37.239805	126.773376	-0.555754
37.239807	126.773371	-0.555754
37.239809	126.773366	-0.555754
37.239811	126.773361	-0.555754
37.239813	126.773356	-0.555754
37.239815	126.773351	-0.555754
37.239818	126.773346	-0.555754
37.239820	126.773341	-0.555754
37.239822	126.773337	-0.555754
37.239824	126.773331	-0.555754
37.239826	126.773327	-0.555754
37.239828	126.773321	-0.555754
37.239830	126.773317	-0.555754
37.239832	126.773311	-0.555754
37.239834	126.773306	-0.555754
37.239836	126.773301	-0.555754
37.239838	126.773296	-0.555754
37.239840	126.773291	-0.555754
37.239843	126.773286	-0.555754
37.239845	126.773281	-0.555754
37.239847	126.773276	-0.555754
37.239849	126.773271	-0.555754
37.239851	126.773266	-0.555754
37.239853	126.773262	-0.555754
37.239855	126.773257	-0.555754
37.239857	126.773252	-0.555754
37.239859	126.773247	-0.555754
37.239861	126.773242	-0.555754
37.239864	126.773237	-0.555754
37.239866	126.773232	-0.555754
37.239868	126.773227	-0.555754
37.239870	126.773222	-0.555754
37.239872	126.773217	-0.555754
37.239874	126.773212	-0.555754
37.239876	126.773206	-0.555754
37.239878	126.773201	-0.555754
37.239880	126.773196	-0.555754
37.239882	126.773192	-0.555754
37.239884	126.773187	-0.555754
37.239887	126.773182	-0.555754
37.239889	126.773177	-0.555754
37.239891	126.773172	-0.555754
37.239893	126.773167	-0.555754
37.239895	126.773162	-0.555754
37.239897	126.773157	-0.555754
37.239899	126.773152	-0.555754
37.239901	126.773147	-0.555754
37.239903	126.773142	-0.555754
37.239905	126.773137	-0.555754
37.239908	126.773132	-0.555754
37.239910	126.773127	-0.555754
37.239913	126.773122	-0.555754
37.239915	126.773118	-0.555754
37.239918	126.773113	-0.555754
37.239920	126.773109	-0.555754
37.239923	126.773104	-0.555754
37.239926	126.773100	-0.555754
37.239929	126.773096	-0.555754
37.239932	126.773092	-0.555754
37.239935	126.773087	-0.555754
37.239938	126.773083	-0.555754
37.239942	126.773079	-0.555754
37.239945	126.773076	-0.555754
37.239948	126.773072	-0.555754
37.239952	126.773069	-0.555754
37.239956	126.773066	-0.555754
37.239960	126.773063	-0.555754
37.239964	126.773060	-0.555754
37.239968	126.773058	-0.555754
37.239972	126.773056	-0.555754
37.239976	126.773055	-0.555754
37.239981	126.773053	-0.555754
37.239985	126.773051	-0.555754
37.239989	126.773050	-0.555754
37.239994	126.773049	-0.555754
37.239998	126.773048	-0.555754
37.240003	126.773048	-0.555754
37.240007	126.773047	-0.555754
37.240012	126.773047	-0.555754
37.240016	126.773048	-0.555754
37.240021	126.773048	-0.555754
37.240025	126.773049	-0.555754
37.240030	126.773049	-0.555754
37.240034	126.773050	-0.555754
37.240039	126.773051	-0.555754
37.240043	126.773052	-0.555754
37.240047	126.773054	-0.555754
37.240052	126.773055	-0.555754
37.240056	126.773057	-0.555754
37.240060	126.773059	-0.555754
37.240064	126.773061	-0.555754
37.240069	126.773063	-0.555754
37.240073	126.773065	-0.555754
37.240077	126.773067	-0.555754
37.240081	126.773069	-0.555754
37.240085	126.773071	-0.555754
37.240090	126.773074	-0.555754
37.240093	126.773076	-0.555754
37.240097	126.773078	-0.555754
37.240102	126.773081	-0.555754
37.240106	126.773084	-0.555754
37.240110	126.773086	-0.555754
37.240113	126.773089	-0.555754
37.240117	126.773092	-0.555754
37.240122	126.773094	-0.555754
37.240126	126.773097	-0.555754
37.240129	126.773099	-0.555754
37.240133	126.773101	-0.555754
37.240137	126.773104	-0.555754
37.240142	126.773107	-0.555754
37.240146	126.773109	-0.555754
37.240149	126.773112	-0.555754
37.240153	126.773115	-0.555754
37.240157	126.773118	-0.555754
37.240161	126.773120	-0.555754
37.240165	126.773123	-0.555754
37.240169	126.773126	-0.555754
37.240173	126.773128	-0.555754
37.240177	126.773131	-0.555754
37.240181	126.773134	-0.555754
37.240185	126.773136	-0.555754
37.240189	126.773139	-0.555754
37.240193	126.773142	-0.555754
37.240197	126.773145	-0.555754
37.240201	126.773147	-0.555754
37.240205	126.773150	-0.555754
37.240209	126.773153	-0.555754
37.240213	126.773156	-0.555754
37.240217	126.773158	-0.555754
37.240220	126.773161	-0.555754
37.240224	126.773164	-0.555754
37.240228	126.773166	-0.555754
37.240232	126.773169	-0.555754
37.240236	126.773172	-0.555754
37.240240	126.773174	-0.555754
37.240244	126.773177	-0.555754
37.240248	126.773180	-0.555754
37.240252	126.773182	-0.555754
37.240256	126.773185	-0.555754
37.240260	126.773188	-0.555754
37.240264	126.773190	-0.555754
37.240268	126.773193	-0.555754
37.240272	126.773196	-0.555754
37.240276	126.773199	-0.555754
37.240280	126.773201	-0.555754
37.240284	126.773204	-0.555754
37.240288	126.773207	-0.555754
37.240292	126.773209	-0.555754
37.240296	126.773212	-0.555754
37.240299	126.773216	-0.555754
37.240302	126.773220	-0.555754
37.240305	126.773224	-0.555754
37.240308	126.773229	-0.555754
37.240310	126.773233	-0.555754
37.240312	126.773239	-0.55554
37.240314	126.773244	-0.555233
37.240315	126.773249	-0.55502
37.240316	126.773255	-0.555053
37.240316	126.773261	-0.555661
37.240316	126.773266	-0.556694
37.240316	126.773272	-0.556891
37.240315	126.773277	-0.556757
37.240314	126.773283	-0.556466
37.240313	126.773288	-0.556108
37.240311	126.773294	-0.555798
37.240310	126.773299	-0.555754
37.240308	126.773304	-0.555754
37.240306	126.773309	-0.555754
37.240304	126.773314	-0.555754
37.240302	126.773319	-0.555754
37.240300	126.773324	-0.555754
37.240298	126.773330	-0.555754
37.240296	126.773335	-0.555754
37.240295	126.773340	-0.555754
37.240292	126.773345	-0.555754
37.240290	126.773350	-0.555754
37.240288	126.773355	-0.555754
37.240286	126.773360	-0.555754
37.240284	126.773365	-0.555754
37.240282	126.773370	-0.555754
37.240280	126.773374	-0.555754
37.240278	126.773380	-0.555754
37.240275	126.773385	-0.555754
37.240273	126.773390	-0.555754
37.240271	126.773394	-0.555754
37.240269	126.773399	-0.555754
37.240267	126.773404	-0.555754
37.240265	126.773409	-0.555754
37.240263	126.773414	-0.555754
37.240261	126.773419	-0.555754
37.240259	126.773424	-0.555754
37.240257	126.773429	-0.555754
37.240255	126.773434	-0.555754
37.240252	126.773439	-0.555754
37.240250	126.773444	-0.555754
37.240248	126.773449	-0.555754
37.240246	126.773455	-0.555754
37.240244	126.773460	-0.555754
37.240242	126.773465	-0.555754
37.240240	126.773470	-0.555754
37.240238	126.773475	-0.555754
37.240236	126.773480	-0.555754
37.240234	126.773484	-0.555754
37.240232	126.773489	-0.555754
37.240230	126.773494	-0.555754
37.240228	126.773499	-0.555754
37.240225	126.773504	-0.555754
37.240223	126.773509	-0.555754
37.240221	126.773514	-0.555754
37.240219	126.773519	-0.555754
37.240217	126.773524	-0.555754
37.240215	126.773529	-0.555754
37.240213	126.773534	-0.555754
37.240211	126.773539	-0.555754
37.240208	126.773544	-0.555754
37.240206	126.773549	-0.555754
37.240204	126.773554	-0.555754
37.240202	126.773559	-0.555754
37.240200	126.773563	-0.555754
37.240197	126.773569	-0.555754
37.240195	126.773574	-0.555754
37.240193	126.773578	-0.555754
37.240191	126.773583	-0.555754
37.240189	126.773588	-0.555754
37.240186	126.773593	-0.555754
37.240184	126.773598	-0.555754
37.240182	126.773603	-0.555754
37.240180	126.773608	-0.555754
37.240178	126.773613	-0.555754
37.240175	126.773618	-0.555754
37.240173	126.773623	-0.555754
37.240171	126.773628	-0.555754
37.240169	126.773633	-0.555754
37.240167	126.773638	-0.555754
37.240165	126.773643	-0.555754
37.240163	126.773648	-0.555754
37.240161	126.773653	-0.555754
37.240159	126.773658	-0.555754
37.240158	126.773663	-0.555754
37.240157	126.773669	-0.555754
37.240156	126.773674	-0.555754
37.240155	126.773680	-0.555754
37.240154	126.773686	-0.555754
37.240153	126.773691	-0.555754
37.240153	126.773697	-0.555754
37.240154	126.773702	-0.555754
37.240154	126.773708	-0.555754
37.240155	126.773713	-0.555754
37.240156	126.773719	-0.555754
37.240157	126.773725	-0.555754
37.240158	126.773730	-0.555754
37.240159	126.773735	-0.555754
37.240161	126.773740	-0.555754
37.240163	126.773745	-0.555754
37.240165	126.773750	-0.555754
37.240168	126.773755	-0.555754
37.240170	126.773760	-0.555754
37.240173	126.773764	-0.555754
37.240176	126.773768	-0.555754
37.240179	126.773772	-0.555754
37.240183	126.773776	-0.555754
37.240186	126.773780	-0.555754
37.240189	126.773784	-0.555754
37.240193	126.773787	-0.555754
37.240196	126.773791	-0.555754
37.240200	126.773794	-0.555754
37.240204	126.773797	-0.555754
37.240208	126.773800	-0.555754
37.240212	126.773802	-0.555754
37.240216	126.773805	-0.555754
37.240220	126.773808	-0.555754
37.240224	126.773810	-0.555754
37.240228	126.773813	-0.555754
37.240232	126.773816	-0.555754
37.240236	126.773818	-0.555754
37.240239	126.773821	-0.555754
37.240243	126.773824	-0.555754
37.240247	126.773826	-0.555754
37.240251	126.773829	-0.555754
37.240255	126.773832	-0.555754
37.240259	126.773834	-0.555754
37.240263	126.773837	-0.555754
37.240267	126.773840	-0.555754
37.240271	126.773842	-0.555754
37.240275	126.773845	-0.555754
37.240279	126.773848	-0.555754
37.240283	126.773850	-0.555754
37.240287	126.773853	-0.555754
37.240291	126.773856	-0.555754
37.240295	126.773858	-0.555754
37.240299	126.773861	-0.555754
37.240303	126.773864	-0.555754
37.240306	126.773866	-0.555754
37.240311	126.773869	-0.555754
37.240315	126.773871	-0.555754
37.240319	126.773874	-0.555754
37.240323	126.773876	-0.555754
37.240327	126.773879	-0.555754
37.240331	126.773882	-0.555754
37.240335	126.773884	-0.555754
37.240339	126.773887	-0.555754
37.240343	126.773890	-0.555754
37.240347	126.773892	-0.555754
37.240351	126.773895	-0.555754
37.240355	126.773898	-0.555754
37.240359	126.773900	-0.555754
37.240363	126.773903	-0.555754
37.240367	126.773906	-0.555754
37.240371	126.773908	-0.555754
37.240375	126.773911	-0.555754
37.240379	126.773913	-0.555754
37.240383	126.773916	-0.555754
37.240387	126.773919	-0.555754
37.240391	126.773921	-0.555754
37.240395	126.773924	-0.555754
37.240399	126.773927	-0.555754
37.240403	126.773929	-0.555754
37.240407	126.773932	-0.555754
37.240411	126.773935	-0.555754
37.240414	126.773936	-0.555754
37.240417	126.773938	-0.555754
37.240423	126.773942	-0.555754
37.240426	126.773944	-0.555754
37.240429	126.773947	-0.555754
37.240433	126.773949	-0.555754
37.240438	126.773952	-0.555754
37.240442	126.773955	-0.555754
37.240446	126.773958	-0.555754
37.240450	126.773960	-0.555754
37.240454	126.773963	-0.555754
37.240457	126.773965	-0.555754
37.240462	126.773968	-0.555754
37.240466	126.773971	-0.555754
37.240470	126.773974	-0.555754
37.240474	126.773977	-0.555754
37.240478	126.773979	-0.555754
37.240482	126.773982	-0.555754
37.240486	126.773984	-0.555754
37.240490	126.773987	-0.555754
37.240494	126.773990	-0.555754
37.240498	126.773992	-0.555754
37.240502	126.773995	-0.555754
37.240506	126.773998	-0.555754
37.240510	126.774001	-0.555754
37.240514	126.774003	-0.555754
37.240518	126.774006	-0.555754
37.240522	126.774009	-0.555754
37.240526	126.774011	-0.555754
37.240530	126.774014	-0.555754
37.240534	126.774017	-0.555754
37.240538	126.774019	-0.555754
37.240542	126.774022	-0.555754
37.240546	126.774025	-0.555754
37.240550	126.774027	-0.555754
37.240554	126.774030	-0.555754
37.240558	126.774033	-0.555754
37.240562	126.774035	-0.555754
37.240566	126.774038	-0.555754
37.240570	126.774041	-0.555754
37.240574	126.774044	-0.555754
37.240578	126.774046	-0.555754
37.240582	126.774049	-0.555754
37.240585	126.774051	-0.555754
37.240589	126.774054	-0.555754
37.240594	126.774057	-0.555754
37.240598	126.774060	-0.555754
37.240602	126.774062	-0.555754
37.240606	126.774065	-0.555754
37.240610	126.774068	-0.555754
37.240614	126.774070	-0.555754
37.240618	126.774073	-0.555754
37.240621	126.774075	-0.555754
37.240625	126.774078	-0.555754
37.240630	126.774081	-0.555754
37.240634	126.774084	-0.555754
37.240638	126.774087	-0.555754
37.240642	126.774089	-0.555754
37.240646	126.774092	-0.555754
37.240650	126.774094	-0.555754
37.240653	126.774097	-0.555754
37.240657	126.774100	-0.555754
37.240662	126.774103	-0.555754
37.240666	126.774106	-0.555754
37.240670	126.774108	-0.555754
37.240673	126.774110	-0.555754
37.240678	126.774113	-0.555754
37.240682	126.774116	-0.555754
37.240684	126.774118	-0.555754
37.240688	126.774120	-0.555754
37.240693	126.774123	-0.555754
37.240697	126.774125	-0.555754
37.240701	126.774128	-0.555754
37.240705	126.774130	-0.555754
37.240709	126.774133	-0.555754
37.240713	126.774136	-0.555754
37.240717	126.774138	-0.555754
37.240721	126.774141	-0.555754
37.240725	126.774143	-0.555754
37.240729	126.774146	-0.555754
37.240733	126.774148	-0.555754
37.240737	126.774151	-0.555754
37.240741	126.774153	-0.555754
37.240745	126.774156	-0.555754
37.240749	126.774158	-0.555754
37.240753	126.774161	-0.555754
37.240757	126.774164	-0.555754
37.240761	126.774166	-0.555754
37.240766	126.774169	-0.555754
37.240770	126.774171	-0.555754
37.240773	126.774173	-0.555754
37.240777	126.774176	-0.555754
37.240781	126.774178	-0.555754
37.240785	126.774181	-0.555754
37.240789	126.774183	-0.555754
37.240793	126.774186	-0.555754
37.240797	126.774189	-0.555754
37.240801	126.774191	-0.555754
37.240805	126.774194	-0.555754
37.240809	126.774196	-0.555754
37.240813	126.774199	-0.555754
37.240817	126.774201	-0.555754
37.240821	126.774204	-0.555754
37.240826	126.774207	-0.555754
37.240830	126.774209	-0.555754
37.240834	126.774212	-0.555754
37.240838	126.774214	-0.555754
37.240842	126.774217	-0.555754
37.240846	126.774219	-0.555754
37.240850	126.774222	-0.555754
37.240854	126.774225	-0.555754
37.240858	126.774227	-0.555754
37.240862	126.774230	-0.555754
37.240866	126.774232	-0.555754
37.240870	126.774235	-0.555754
37.240874	126.774237	-0.555754
37.240878	126.774240	-0.555754
37.240882	126.774242	-0.556191
37.240886	126.774244	-0.562309
37.240890	126.774247	-0.570027
37.240894	126.774249	-0.57832
37.240898	126.774252	-0.586917
37.240902	126.774254	-0.59557
37.240906	126.774257	-0.604231
37.240910	126.774259	-0.612832
37.240914	126.774262	-0.621129
37.240918	126.774264	-0.628866
37.240923	126.774267	-0.635158
37.240926	126.774269	-0.635754
37.240930	126.774271	-0.635754
37.240935	126.774273	-0.635754
37.240939	126.774276	-0.635754
37.240943	126.774278	-0.635754
37.240947	126.774281	-0.635754
37.240951	126.774283	-0.635754
37.240955	126.774285	-0.635754
37.240959	126.774288	-0.635754
37.240963	126.774290	-0.635754
37.240967	126.774293	-0.635754
37.240971	126.774295	-0.635754
37.240976	126.774297	-0.635754
37.240980	126.774300	-0.635754
37.240984	126.774302	-0.635754
37.240988	126.774304	-0.635754
37.240992	126.774307	-0.635754
37.240996	126.774309	-0.635754
37.241000	126.774312	-0.635754
37.241004	126.774314	-0.635754
37.241009	126.774316	-0.635754
37.241012	126.774319	-0.635754
37.241017	126.774321	-0.635754
37.241021	126.774323	-0.635754
37.241025	126.774325	-0.635754
37.241029	126.774327	-0.635754
37.241033	126.774329	-0.635754
37.241037	126.774331	-0.635754
37.241042	126.774333	-0.635754
37.241046	126.774335	-0.635754
37.241050	126.774338	-0.635754
37.241054	126.774340	-0.635754
37.241058	126.774342	-0.635754
37.241063	126.774344	-0.635754
37.241067	126.774346	-0.635754
37.241071	126.774347	-0.635754
37.241075	126.774350	-0.635754
37.241079	126.774352	-0.635754
37.241084	126.774354	-0.635754
37.241088	126.774356	-0.635754
37.241092	126.774358	-0.635754
37.241096	126.774360	-0.635754
37.241100	126.774362	-0.635754
37.241105	126.774364	-0.635754
37.241109	126.774366	-0.635754
37.241113	126.774368	-0.635754
37.241117	126.774370	-0.635754
37.241121	126.774372	-0.635754
37.241125	126.774374	-0.635754
37.241129	126.774376	-0.635754
37.241134	126.774378	-0.635754
37.241138	126.774380	-0.635754
37.241142	126.774381	-0.635754
37.241147	126.774383	-0.635754
37.241151	126.774385	-0.635754
37.241155	126.774387	-0.635754
37.241160	126.774389	-0.635754
37.241164	126.774391	-0.635754
37.241168	126.774392	-0.635754
37.241172	126.774394	-0.635754
37.241177	126.774396	-0.635754
37.241181	126.774398	-0.635754
37.241185	126.774400	-0.635754
37.241190	126.774402	-0.635754
37.241194	126.774403	-0.635754
37.241198	126.774405	-0.635754
37.241202	126.774407	-0.635754
37.241207	126.774409	-0.635754
37.241211	126.774411	-0.635754
37.241215	126.774413	-0.635754
37.241220	126.774414	-0.635754
37.241224	126.774416	-0.635754
37.241228	126.774418	-0.635754
37.241233	126.774420	-0.635754
37.241237	126.774422	-0.635754
37.241241	126.774424	-0.635754
37.241245	126.774425	-0.635754
37.241249	126.774427	-0.635754
37.241254	126.774428	-0.635754
37.241258	126.774430	-0.635754
37.241262	126.774431	-0.635754
37.241266	126.774433	-0.635754
37.241271	126.774434	-0.635754
37.241275	126.774436	-0.635754
37.241280	126.774438	-0.635754
37.241284	126.774439	-0.635754
37.241288	126.774441	-0.635754
37.241293	126.774442	-0.635754
37.241297	126.774444	-0.635754
37.241301	126.774445	-0.635754
37.241306	126.774447	-0.635754
37.241310	126.774448	-0.635754
37.241314	126.774450	-0.635754
37.241319	126.774451	-0.635754
37.241323	126.774453	-0.635754
37.241327	126.774454	-0.635754
37.241332	126.774455	-0.635754
37.241336	126.774456	-0.635754
37.241341	126.774457	-0.635754
37.241345	126.774458	-0.635754
37.241349	126.774459	-0.635754
37.241354	126.774460	-0.635754
37.241358	126.774461	-0.635754
37.241363	126.774462	-0.635754
37.241367	126.774463	-0.635754
37.241372	126.774464	-0.635754
37.241376	126.774464	-0.635754
37.241381	126.774465	-0.635754
37.241385	126.774466	-0.635754
37.241390	126.774467	-0.635754
37.241394	126.774468	-0.635754
37.241399	126.774469	-0.635754
37.241403	126.774470	-0.635754
37.241407	126.774471	-0.635754
37.241412	126.774471	-0.635754
37.241416	126.774472	-0.635754
37.241421	126.774472	-0.635754
37.241425	126.774472	-0.635754
37.241430	126.774473	-0.635754
37.241434	126.774473	-0.635754
37.241439	126.774474	-0.635754
37.241443	126.774474	-0.635754
37.241448	126.774474	-0.635754
37.241452	126.774475	-0.635754
37.241457	126.774475	-0.635754
37.241461	126.774476	-0.635754
37.241466	126.774476	-0.635754
37.241470	126.774476	-0.635754
37.241475	126.774477	-0.635754
37.241479	126.774477	-0.635754
37.241484	126.774478	-0.635754
37.241488	126.774478	-0.635754
37.241493	126.774478	-0.635754
37.241497	126.774478	-0.635754
37.241502	126.774478	-0.635754
37.241506	126.774478	-0.635754
37.241511	126.774479	-0.635754
37.241515	126.774479	-0.635754
37.241520	126.774479	-0.635754
37.241524	126.774479	-0.635754
37.241529	126.774479	-0.635754
37.241533	126.774479	-0.635754
37.241538	126.774479	-0.635754
37.241542	126.774479	-0.635754
37.241546	126.774479	-0.635754
37.241551	126.774479	-0.635754
37.241555	126.774479	-0.635754
37.241559	126.774479	-0.635754
37.241565	126.774479	-0.635754
37.241569	126.774479	-0.635754
37.241573	126.774479	-0.635754
37.241578	126.774479	-0.635754
37.241582	126.774479	-0.635754
37.241587	126.774480	-0.635754
37.241592	126.774480	-0.635754
37.241596	126.774480	-0.635754
37.241600	126.774480	-0.635754
37.241605	126.774480	-0.635754
37.241610	126.774480	-0.635754
37.241614	126.774480	-0.635754
37.241619	126.774480	-0.635754
37.241623	126.774480	-0.635754
37.241628	126.774480	-0.635754
37.241632	126.774480	-0.635754
37.241637	126.774480	-0.635754
37.241641	126.774480	-0.635754
37.241646	126.774480	-0.635754
37.241650	126.774480	-0.635754
37.241655	126.774480	-0.635754
37.241660	126.774481	-0.635754
37.241664	126.774481	-0.635754
37.241669	126.774481	-0.635754
37.241673	126.774481	-0.635754
37.241677	126.774481	-0.635754
37.241682	126.774481	-0.635754
37.241687	126.774481	-0.635754
37.241691	126.774481	-0.635754
37.241696	126.774481	-0.635754
37.241700	126.774481	-0.635754
37.241704	126.774481	-0.635754
37.241709	126.774481	-0.635754
37.241714	126.774481	-0.635754
37.241719	126.774481	-0.635754
37.241723	126.774481	-0.635754
37.241727	126.774482	-0.635754
37.241732	126.774482	-0.635754
37.241737	126.774482	-0.635754
37.241741	126.774482	-0.635754
37.241746	126.774482	-0.635754
37.241750	126.774482	-0.635754
37.241754	126.774482	-0.635754
37.241758	126.774483	-0.635754
37.241763	126.774483	-0.635754
37.241767	126.774483	-0.635754
37.241772	126.774484	-0.635754
37.241776	126.774484	-0.635754
37.241781	126.774485	-0.635754
37.241785	126.774485	-0.635754
37.241790	126.774485	-0.635754
37.241794	126.774486	-0.635754
37.241799	126.774486	-0.635754
37.241804	126.774486	-0.635754
37.241808	126.774487	-0.635754
37.241813	126.774487	-0.635754
37.241817	126.774487	-0.635754
37.241822	126.774488	-0.635754
37.241825	126.774488	-0.635754
37.241830	126.774489	-0.635754
37.241835	126.774489	-0.635754
37.241839	126.774490	-0.635754
37.241844	126.774490	-0.635754
37.241848	126.774491	-0.635754
37.241853	126.774491	-0.635754
37.241857	126.774492	-0.635754
37.241862	126.774493	-0.635754
37.241866	126.774493	-0.635754
37.241871	126.774494	-0.635754
37.241875	126.774494	-0.635754
37.241880	126.774495	-0.635754
37.241884	126.774495	-0.635754
37.241889	126.774496	-0.635754
37.241893	126.774497	-0.635754
37.241898	126.774497	-0.635754
37.241902	126.774498	-0.635754
37.241907	126.774498	-0.635754
37.241911	126.774499	-0.635754
37.241915	126.774500	-0.635754
37.241920	126.774500	-0.635754
37.241924	126.774501	-0.635754
37.241929	126.774501	-0.635754
37.241933	126.774502	-0.635754
37.241938	126.774503	-0.635754
37.241942	126.774503	-0.635754
37.241947	126.774504	-0.635754
37.241951	126.774505	-0.635754
37.241956	126.774505	-0.635754
37.241960	126.774506	-0.635754
37.241965	126.774506	-0.635754
37.241969	126.774507	-0.635754
37.241974	126.774508	-0.635754
37.241978	126.774508	-0.635754
37.241983	126.774508	-0.635754
37.241987	126.774508	-0.635754
37.241992	126.774508	-0.635754
37.241996	126.774508	-0.635754
37.242001	126.774508	-0.635754
37.242005	126.774508	-0.635754
37.242010	126.774509	-0.635754
37.242014	126.774509	-0.635754
37.242019	126.774509	-0.635754
37.242023	126.774509	-0.635754
37.242028	126.774509	-0.635754
37.242032	126.774509	-0.635754
37.242037	126.774509	-0.635754
37.242042	126.774509	-0.635754
37.242046	126.774509	-0.635754
37.242051	126.774509	-0.635754
37.242055	126.774509	-0.635754
37.242059	126.774509	-0.635754
37.242063	126.774509	-0.635754
37.242068	126.774509	-0.635754
37.242073	126.774509	-0.635754
37.242077	126.774509	-0.635754
37.242082	126.774508	-0.635754
37.242086	126.774508	-0.635754
37.242091	126.774508	-0.635754
37.242095	126.774508	-0.635754
37.242100	126.774508	-0.635754
37.242104	126.774508	-0.635754
37.242109	126.774508	-0.635754
37.242113	126.774507	-0.635754
37.242118	126.774507	-0.635754
37.242122	126.774507	-0.635754
37.242127	126.774507	-0.635754
37.242132	126.774507	-0.635754
37.242136	126.774507	-0.635754
37.242141	126.774507	-0.635754
37.242145	126.774507	-0.635754
37.242150	126.774506	-0.635754
37.242154	126.774506	-0.635754
37.242159	126.774506	-0.635754
37.242163	126.774506	-0.635754
37.242167	126.774506	-0.635754
37.242172	126.774506	-0.635754
37.242176	126.774506	-0.635754
37.242181	126.774506	-0.635754
37.242185	126.774506	-0.635754
37.242190	126.774506	-0.635754
37.242194	126.774506	-0.635754
37.242199	126.774506	-0.635754
37.242204	126.774505	-0.635754
37.242208	126.774505	-0.635754
37.242212	126.774505	-0.635754
37.242217	126.774504	-0.635754
37.242221	126.774503	-0.635754
37.242226	126.774502	-0.635754
37.242230	126.774501	-0.635754
37.242235	126.774500	-0.635754
37.242239	126.774499	-0.635754
37.242244	126.774498	-0.635754
37.242248	126.774497	-0.635754
37.242252	126.774495	-0.635754
37.242257	126.774494	-0.635754
37.242261	126.774493	-0.635754
37.242265	126.774491	-0.635754
37.242270	126.774490	-0.635754
37.242274	126.774488	-0.635754
37.242278	126.774487	-0.635754
37.242283	126.774485	-0.635754
37.242287	126.774483	-0.635754
37.242291	126.774482	-0.635754
37.242296	126.774480	-0.635754
37.242300	126.774479	-0.635754
37.242304	126.774478	-0.635754
37.242309	126.774477	-0.635754
37.242313	126.774475	-0.635754
37.242318	126.774474	-0.635754
37.242322	126.774473	-0.635754
37.242326	126.774472	-0.635754
37.242331	126.774471	-0.635754
37.242335	126.774469	-0.635754
37.242340	126.774468	-0.635754
37.242344	126.774468	-0.635754
37.242349	126.774467	-0.635754
37.242353	126.774467	-0.635754
37.242358	126.774466	-0.635754
37.242362	126.774466	-0.635754
37.242367	126.774465	-0.635754
37.242371	126.774464	-0.635754
37.242376	126.774464	-0.635754
37.242380	126.774463	-0.635754
37.242385	126.774463	-0.635754
37.242389	126.774462	-0.635754
37.242394	126.774462	-0.635754
37.242398	126.774462	-0.635754
37.242402	126.774461	-0.635754
37.242407	126.774461	-0.635754
37.242412	126.774461	-0.635754
37.242416	126.774461	-0.635754
37.242421	126.774461	-0.635754
37.242425	126.774461	-0.635754
37.242430	126.774460	-0.635754
37.242434	126.774460	-0.635754
37.242439	126.774460	-0.635754
37.242443	126.774460	-0.635754
37.242448	126.774460	-0.635754
37.242452	126.774460	-0.635754
37.242457	126.774459	-0.635754
37.242461	126.774459	-0.635754
37.242465	126.774459	-0.635754
37.242470	126.774459	-0.635754
37.242474	126.774459	-0.635754
37.242479	126.774458	-0.635754
37.242483	126.774458	-0.635754
37.242488	126.774458	-0.635754
37.242493	126.774458	-0.635754
37.242497	126.774457	-0.635754
37.242501	126.774457	-0.635754
37.242506	126.774457	-0.635754
37.242511	126.774457	-0.635754
37.242515	126.774456	-0.635754
37.242520	126.774456	-0.635754
37.242524	126.774456	-0.635754
37.242529	126.774456	-0.635754
37.242533	126.774455	-0.635754
37.242538	126.774455	-0.635754
37.242542	126.774455	-0.635754
37.242547	126.774455	-0.635754
37.242551	126.774455	-0.635754
37.242556	126.774454	-0.635754
37.242560	126.774454	-0.635754
37.242565	126.774454	-0.635754
37.242569	126.774454	-0.635754
37.242574	126.774453	-0.635754
37.242579	126.774453	-0.635754
37.242583	126.774453	-0.635754
37.242588	126.774453	-0.635754
37.242591	126.774452	-0.635754
37.242596	126.774452	-0.635754
37.242600	126.774452	-0.635754
37.242605	126.774452	-0.635754
37.242610	126.774451	-0.635754
37.242614	126.774451	-0.635754
37.242619	126.774451	-0.635754
37.242623	126.774451	-0.635754
37.242628	126.774450	-0.635754
37.242632	126.774450	-0.635754
37.242637	126.774450	-0.635754
37.242641	126.774450	-0.635754
37.242646	126.774449	-0.635754
37.242650	126.774449	-0.635754
37.242655	126.774449	-0.635754
37.242659	126.774449	-0.635754
37.242664	126.774449	-0.635754
37.242668	126.774448	-0.635754
37.242673	126.774448	-0.635754
37.242677	126.774448	-0.635754
37.242681	126.774447	-0.635754
37.242686	126.774446	-0.635754
37.242690	126.774446	-0.635754
37.242695	126.774445	-0.635754
37.242699	126.774444	-0.635754
37.242704	126.774443	-0.635754
37.242708	126.774443	-0.635754
37.242713	126.774442	-0.635754
37.242717	126.774441	-0.635754
37.242722	126.774440	-0.635754
37.242726	126.774439	-0.635754
37.242730	126.774438	-0.635754
37.242735	126.774435	-0.635754
37.242738	126.774432	-0.635754
37.242742	126.774430	-0.635754
37.242746	126.774427	-0.635754
37.242750	126.774424	-0.635754
37.242754	126.774421	-0.635754
37.242758	126.774418	-0.635754
37.242762	126.774415	-0.635754
37.242766	126.774412	-0.635754
37.242769	126.774409	-0.635754
37.242773	126.774405	-0.635754
37.242776	126.774402	-0.635754
37.242780	126.774398	-0.635754
37.242783	126.774395	-0.635754
37.242787	126.774391	-0.635754
37.242790	126.774387	-0.635754
37.242793	126.774384	-0.635754
37.242797	126.774380	-0.635754
37.242800	126.774376	-0.635754
37.242803	126.774372	-0.635754
37.242805	126.774367	-0.635754
37.242808	126.774362	-0.635754
37.242810	126.774357	-0.635754
37.242812	126.774352	-0.635754
37.242815	126.774347	-0.635754
37.242817	126.774343	-0.635754
37.242819	126.774338	-0.635754
37.242821	126.774332	-0.635754
37.242822	126.774327	-0.635754
37.242822	126.774322	-0.635754
37.242823	126.774316	-0.635754
37.242823	126.774310	-0.635754
37.242824	126.774305	-0.635754
37.242824	126.774299	-0.635754
37.242825	126.774293	-0.635754
37.242825	126.774288	-0.635754
37.242826	126.774282	-0.635754
37.242826	126.774276	-0.635754
37.242826	126.774271	-0.635754
37.242826	126.774266	-0.635754
37.242826	126.774260	-0.635754
37.242826	126.774254	-0.635754
37.242825	126.774249	-0.635754
37.242825	126.774243	-0.635754
37.242825	126.774237	-0.635754
37.242824	126.774232	-0.635754
37.242824	126.774226	-0.635754
37.242823	126.774220	-0.635754
37.242823	126.774215	-0.635754
37.242822	126.774209	-0.635754
37.242822	126.774203	-0.635754
37.242822	126.774198	-0.635754
37.242821	126.774192	-0.635754
37.242820	126.774187	-0.635754
37.242820	126.774182	-0.635754
37.242818	126.774176	-0.635754
37.242817	126.774171	-0.635754
37.242816	126.774165	-0.635754
37.242814	126.774160	-0.635754
37.242813	126.774154	-0.635754
37.242812	126.774149	-0.635754
37.242810	126.774144	-0.635754
37.242809	126.774138	-0.635754
37.242808	126.774133	-0.635754
37.242806	126.774127	-0.635754
37.242805	126.774122	-0.635754
37.242804	126.774116	-0.635754
37.242802	126.774111	-0.635754
37.242801	126.774106	-0.635754
37.242800	126.774101	-0.635754
37.242798	126.774095	-0.635754
37.242797	126.774090	-0.635754
37.242796	126.774084	-0.635754
37.242794	126.774079	-0.635754
37.242793	126.774074	-0.635754
37.242792	126.774068	-0.635754
37.242790	126.774063	-0.635754
37.242789	126.774057	-0.635754
37.242788	126.774052	-0.635754
37.242787	126.774046	-0.635754
37.242787	126.774041	-0.635754
37.242786	126.774035	-0.635754
37.242786	126.774030	-0.635754
37.242786	126.774024	-0.635754
37.242786	126.774018	-0.635754
37.242786	126.774013	-0.635754
37.242785	126.774007	-0.635754
37.242785	126.774001	-0.635754
37.242785	126.773996	-0.635754
37.242785	126.773991	-0.635754
37.242785	126.773985	-0.635754
37.242785	126.773979	-0.635754
37.242785	126.773974	-0.635754
37.242784	126.773968	-0.635754
37.242784	126.773962	-0.635754
37.242784	126.773957	-0.635754
37.242784	126.773951	-0.635754
37.242784	126.773945	-0.635754
37.242784	126.773940	-0.635754
37.242784	126.773934	-0.635754
37.242783	126.773928	-0.635754
37.242783	126.773922	-0.635754
37.242783	126.773917	-0.635754
37.242783	126.773911	-0.635754
37.242783	126.773905	-0.635754
37.242783	126.773900	-0.635754
37.242783	126.773894	-0.635754
37.242783	126.773888	-0.635754
37.242782	126.773883	-0.635754
37.242782	126.773877	-0.635754
37.242782	126.773871	-0.635754
37.242782	126.773866	-0.635754
37.242782	126.773861	-0.635754
37.242782	126.773855	-0.635754
37.242781	126.773849	-0.635754
37.242781	126.773844	-0.635754
37.242780	126.773838	-0.635754
37.242780	126.773833	-0.635754
37.242780	126.773827	-0.635754
37.242779	126.773821	-0.635754
37.242779	126.773816	-0.635754
37.242778	126.773810	-0.635754
37.242777	126.773805	-0.635754
37.242776	126.773799	-0.635754
37.242774	126.773794	-0.635754
37.242772	126.773789	-0.635754
37.242770	126.773784	-0.635754
37.242768	126.773779	-0.635754
37.242766	126.773774	-0.635754
37.242764	126.773769	-0.635754
37.242762	126.773764	-0.635754
37.242759	126.773759	-0.635754
37.242756	126.773756	-0.635754
37.242752	126.773752	-0.635754
37.242749	126.773749	-0.635754
37.242745	126.773745	-0.635754
37.242742	126.773742	-0.635754
37.242738	126.773739	-0.635754
37.242734	126.773735	-0.635754
37.242730	126.773732	-0.635754
37.242727	126.773729	-0.635754
37.242723	126.773726	-0.635754
37.242719	126.773724	-0.635754
37.242715	126.773723	-0.635754
37.242710	126.773721	-0.635754
37.242706	126.773720	-0.635754
37.242701	126.773719	-0.635754
37.242697	126.773718	-0.635754
37.242692	126.773716	-0.635754
37.242688	126.773715	-0.635754
37.242684	126.773714	-0.635754
37.242679	126.773713	-0.635754
37.242675	126.773711	-0.635754
37.242670	126.773710	-0.635754
37.242666	126.773709	-0.635754
37.242661	126.773708	-0.635754
37.242657	126.773707	-0.635754
37.242653	126.773706	-0.635754
37.242649	126.773705	-0.635754
37.242644	126.773705	-0.635754
37.242639	126.773704	-0.635754
37.242635	126.773704	-0.635754
37.242630	126.773704	-0.635754
37.242626	126.773704	-0.635754
37.242621	126.773704	-0.635754
37.242617	126.773704	-0.635754
37.242612	126.773703	-0.635754
37.242608	126.773703	-0.635754
37.242603	126.773703	-0.635754
37.242600	126.773703	-0.635754
37.242594	126.773704	-0.635754
37.242591	126.773704	-0.635754
37.242586	126.773704	-0.635754
37.242582	126.773704	-0.635754
37.242576	126.773704	-0.635754
37.242572	126.773704	-0.635754
37.242568	126.773705	-0.635754
37.242564	126.773705	-0.635754
37.242559	126.773705	-0.635754
37.242554	126.773705	-0.635754
37.242549	126.773705	-0.635754
37.242545	126.773705	-0.635754
37.242541	126.773705	-0.635754
37.242536	126.773706	-0.635754
37.242532	126.773706	-0.635754
37.242527	126.773706	-0.635754
37.242522	126.773706	-0.635754
37.242518	126.773706	-0.635754
37.242513	126.773706	-0.635754
37.242509	126.773706	-0.635754
37.242504	126.773707	-0.635754
37.242500	126.773707	-0.635754
37.242495	126.773707	-0.635754
37.242491	126.773707	-0.635754
37.242486	126.773707	-0.635754
37.242482	126.773707	-0.635754
37.242477	126.773707	-0.635754
37.242473	126.773708	-0.635754
37.242468	126.773708	-0.635754
37.242464	126.773708	-0.635754
37.242459	126.773708	-0.635754
37.242455	126.773708	-0.635754
37.242450	126.773708	-0.635754
37.242445	126.773708	-0.635754
37.242441	126.773708	-0.635754
37.242436	126.773709	-0.635754
37.242432	126.773709	-0.635754
37.242427	126.773709	-0.635754
37.242423	126.773709	-0.635754
37.242418	126.773709	-0.635754
37.242414	126.773709	-0.635754
37.242409	126.773709	-0.635754
37.242404	126.773710	-0.635754
37.242400	126.773710	-0.635754
37.242396	126.773710	-0.635754
37.242391	126.773710	-0.635754
37.242386	126.773710	-0.635754
37.242382	126.773710	-0.635754
37.242378	126.773710	-0.635754
37.242372	126.773711	-0.635754
37.242369	126.773711	-0.635754
37.242365	126.773711	-0.635754
37.242361	126.773711	-0.635754
37.242356	126.773711	-0.635754
37.242351	126.773712	-0.635754
37.242347	126.773712	-0.635754
37.242342	126.773712	-0.635754
37.242338	126.773712	-0.635754
37.242333	126.773713	-0.635754
37.242329	126.773713	-0.635754
37.242324	126.773713	-0.635754
37.242320	126.773714	-0.635754
37.242315	126.773714	-0.635754
37.242311	126.773714	-0.635754
37.242306	126.773715	-0.635754
37.242302	126.773715	-0.635754
37.242297	126.773715	-0.635754
37.242292	126.773715	-0.635754
37.242288	126.773716	-0.635754
37.242283	126.773716	-0.635754
37.242279	126.773716	-0.635754
37.242275	126.773717	-0.635754
37.242270	126.773717	-0.635754
37.242265	126.773717	-0.635754
37.242261	126.773718	-0.635754
37.242257	126.773718	-0.635754
37.242253	126.773718	-0.635754
37.242248	126.773718	-0.635754
37.242243	126.773718	-0.635754
37.242239	126.773718	-0.635754
37.242234	126.773718	-0.635754
37.242230	126.773718	-0.635754
37.242225	126.773718	-0.635754
37.242221	126.773718	-0.635754
37.242216	126.773718	-0.635754
37.242212	126.773718	-0.635754
37.242207	126.773718	-0.635754
37.242203	126.773718	-0.635754
37.242198	126.773719	-0.635754
37.242194	126.773719	-0.635754
37.242189	126.773719	-0.635754
37.242184	126.773719	-0.635754
37.242180	126.773719	-0.635754
37.242176	126.773719	-0.635754
37.242171	126.773719	-0.635754
37.242166	126.773719	-0.635754
37.242162	126.773719	-0.635754
37.242157	126.773719	-0.635754
37.242153	126.773719	-0.635754
37.242148	126.773719	-0.635754
37.242144	126.773719	-0.635754
37.242139	126.773719	-0.635754
37.242134	126.773719	-0.635754
37.242130	126.773719	-0.635754
37.242126	126.773719	-0.635754
37.242122	126.773720	-0.635754
37.242117	126.773720	-0.635754
37.242113	126.773720	-0.635754
37.242108	126.773720	-0.635754
37.242103	126.773720	-0.635754
37.242099	126.773720	-0.635754
37.242094	126.773721	-0.635754
37.242090	126.773721	-0.635754
37.242085	126.773721	-0.635754
37.242081	126.773721	-0.635754
37.242076	126.773721	-0.635754
37.242072	126.773722	-0.635754
37.242067	126.773722	-0.635754
37.242063	126.773722	-0.635754
37.242059	126.773723	-0.635754
37.242054	126.773723	-0.635754
37.242050	126.773723	-0.635754
37.242045	126.773724	-0.635754
37.242041	126.773724	-0.635754
37.242036	126.773725	-0.635754
37.242032	126.773725	-0.635754
37.242027	126.773726	-0.635754
37.242023	126.773726	-0.635754
37.242018	126.773726	-0.635754
37.242013	126.773727	-0.635754
37.242009	126.773727	-0.635754
37.242004	126.773728	-0.635754
37.242000	126.773728	-0.635754
37.241995	126.773728	-0.635754
37.241991	126.773729	-0.635754
37.241987	126.773729	-0.635754
37.241982	126.773729	-0.635754
37.241978	126.773729	-0.635754
37.241974	126.773730	-0.635754
37.241969	126.773730	-0.635754
37.241964	126.773730	-0.635754
37.241960	126.773730	-0.635754
37.241956	126.773730	-0.635754
37.241951	126.773731	-0.635754
37.241946	126.773731	-0.635754
37.241942	126.773731	-0.635754
37.241937	126.773731	-0.635754
37.241933	126.773731	-0.635754
37.241928	126.773731	-0.635754
37.241924	126.773732	-0.635754
37.241919	126.773732	-0.635754
37.241915	126.773732	-0.635754
37.241910	126.773732	-0.635754
37.241906	126.773732	-0.635754
37.241901	126.773732	-0.635754
37.241896	126.773733	-0.635754
37.241892	126.773733	-0.635754
37.241887	126.773733	-0.635754
37.241883	126.773733	-0.635754
37.241879	126.773733	-0.635754
37.241874	126.773733	-0.635754
37.241869	126.773734	-0.635754
37.241865	126.773734	-0.635754
37.241860	126.773734	-0.635754
37.241856	126.773734	-0.635754
37.241851	126.773734	-0.635754
37.241846	126.773735	-0.635754
37.241842	126.773735	-0.635754
37.241838	126.773735	-0.635754
37.241833	126.773735	-0.635754
37.241828	126.773735	-0.635754
37.241824	126.773735	-0.635754
37.241819	126.773736	-0.635754
37.241816	126.773736	-0.635754
37.241811	126.773736	-0.635754
37.241807	126.773737	-0.635754
37.241802	126.773737	-0.635754
37.241798	126.773738	-0.635754
37.241793	126.773738	-0.635754
37.241789	126.773739	-0.635754
37.241784	126.773740	-0.635754
37.241780	126.773741	-0.635754
37.241775	126.773742	-0.635754
37.241771	126.773743	-0.635754
37.241767	126.773745	-0.635754
37.241762	126.773746	-0.635754
37.241758	126.773748	-0.635754
37.241754	126.773750	-0.635754
37.241750	126.773752	-0.635754
37.241746	126.773755	-0.635754
37.241742	126.773758	-0.635754
37.241738	126.773761	-0.635754
37.241734	126.773764	-0.635754
37.241730	126.773767	-0.635754
37.241727	126.773770	-0.635754
37.241723	126.773773	-0.635754
37.241719	126.773776	-0.635754
37.241716	126.773780	-0.635754
37.241712	126.773783	-0.635754
37.241708	126.773786	-0.635754
37.241705	126.773790	-0.635754
37.241702	126.773794	-0.635754
37.241699	126.773798	-0.635754
37.241696	126.773803	-0.635754
37.241693	126.773807	-0.635754
37.241690	126.773812	-0.635754
37.241688	126.773816	-0.635754
37.241686	126.773821	-0.635754
37.241683	126.773826	-0.635754
37.241681	126.773831	-0.635754
37.241680	126.773836	-0.635754
37.241678	126.773842	-0.635754
37.241676	126.773847	-0.635754
37.241675	126.773852	-0.635754
37.241673	126.773858	-0.635754
37.241672	126.773863	-0.635754
37.241671	126.773868	-0.635754
37.241669	126.773874	-0.635754
37.241668	126.773879	-0.635754
37.241667	126.773885	-0.635754
37.241666	126.773890	-0.635754
37.241666	126.773896	-0.635754
37.241665	126.773901	-0.635754
37.241665	126.773907	-0.635754
37.241664	126.773912	-0.635754
37.241664	126.773918	-0.635754
37.241663	126.773924	-0.635754
37.241663	126.773929	-0.635754
37.241663	126.773935	-0.635754
37.241663	126.773941	-0.635754
37.241662	126.773946	-0.635754
37.241662	126.773950	-0.635754
37.241662	126.773957	-0.635754
37.241663	126.773962	-0.635754
37.241663	126.773967	-0.635754
37.241663	126.773973	-0.635754
37.241663	126.773980	-0.635754
37.241663	126.773985	-0.635754
37.241663	126.773990	-0.635754
37.241663	126.773996	-0.635754
37.241663	126.774002	-0.635754
37.241663	126.774008	-0.635754
37.241664	126.774014	-0.635754
37.241664	126.774019	-0.635754
37.241664	126.774025	-0.635754
37.241664	126.774030	-0.635754
37.241664	126.774036	-0.635754
37.241664	126.774041	-0.635754
37.241664	126.774047	-0.635754
37.241664	126.774053	-0.635754
37.241664	126.774059	-0.635754
37.241665	126.774064	-0.635754
37.241665	126.774070	-0.635754
37.241665	126.774076	-0.635754
37.241665	126.774081	-0.635754
37.241665	126.774087	-0.635754
37.241665	126.774093	-0.635754
37.241665	126.774098	-0.635754
37.241665	126.774104	-0.635754
37.241665	126.774110	-0.635754
37.241666	126.774115	-0.635754
37.241666	126.774121	-0.635754
37.241666	126.774127	-0.635754
37.241666	126.774132	-0.635754
37.241666	126.774138	-0.635754
37.241666	126.774144	-0.635754
37.241666	126.774149	-0.635754
37.241666	126.774155	-0.635754
37.241667	126.774161	-0.635754
37.241667	126.774166	-0.635754
37.241667	126.774172	-0.635754
37.241667	126.774177	-0.635754
37.241667	126.774183	-0.635754
37.241667	126.774189	-0.635754
37.241667	126.774195	-0.635754
37.241667	126.774200	-0.635754
37.241667	126.774206	-0.635754
37.241668	126.774211	-0.635754
37.241668	126.774218	-0.635754
37.241668	126.774224	-0.635754
37.241668	126.774229	-0.635754
37.241668	126.774235	-0.635754
37.241668	126.774240	-0.635754
37.241668	126.774245	-0.635754
37.241668	126.774250	-0.635754
37.241668	126.774256	-0.635754
37.241668	126.774262	-0.635754
37.241667	126.774267	-0.635754
37.241667	126.774273	-0.635754
37.241667	126.774279	-0.635754
37.241667	126.774284	-0.635754
37.241667	126.774290	-0.635754
37.241666	126.774296	-0.635754
37.241666	126.774301	-0.635754
37.241665	126.774306	-0.635754
37.241663	126.774312	-0.635754
37.241662	126.774317	-0.635754
37.241660	126.774322	-0.635754
37.241659	126.774328	-0.635754
37.241657	126.774333	-0.635754
37.241655	126.774338	-0.635754
37.241653	126.774343	-0.635754
37.241650	126.774348	-0.635754
37.241648	126.774352	-0.635754
37.241645	126.774357	-0.635754
37.241643	126.774362	-0.635754
37.241640	126.774366	-0.635754
37.241637	126.774371	-0.635754
37.241634	126.774374	-0.635754
37.241630	126.774377	-0.635754
37.241626	126.774380	-0.635754
37.241622	126.774382	-0.635754
37.241618	126.774385	-0.635754
37.241614	126.774387	-0.635754
37.241610	126.774389	-0.635754
37.241605	126.774391	-0.635754
37.241601	126.774391	-0.635754
37.241596	126.774391	-0.635754
37.241592	126.774392	-0.635754
37.241587	126.774392	-0.635754
37.241583	126.774392	-0.635754
37.241578	126.774392	-0.635754
37.241574	126.774393	-0.635754
37.241569	126.774393	-0.635754
37.241565	126.774393	-0.635754
37.241560	126.774393	-0.635754
37.241556	126.774393	-0.635754
37.241552	126.774393	-0.635754
37.241547	126.774393	-0.635754
37.241543	126.774393	-0.635754
37.241538	126.774393	-0.635754
37.241534	126.774393	-0.635754
37.241529	126.774393	-0.635754
37.241524	126.774393	-0.635754
37.241520	126.774393	-0.635754
37.241515	126.774393	-0.635754
37.241511	126.774393	-0.635754
37.241506	126.774393	-0.635754
37.241502	126.774393	-0.635754
37.241497	126.774393	-0.635754
37.241493	126.774393	-0.635754
37.241488	126.774393	-0.635754
37.241484	126.774393	-0.635754
37.241479	126.774393	-0.635754
37.241474	126.774393	-0.635754
37.241471	126.774393	-0.635754
37.241466	126.774392	-0.635754
37.241461	126.774391	-0.635754
37.241457	126.774391	-0.635754
37.241452	126.774390	-0.635754
37.241448	126.774390	-0.635754
37.241443	126.774389	-0.635754
37.241439	126.774389	-0.635754
37.241434	126.774388	-0.635754
37.241430	126.774388	-0.635754
37.241425	126.774387	-0.635754
37.241421	126.774387	-0.635754
37.241416	126.774386	-0.635754
37.241412	126.774386	-0.635754
37.241407	126.774385	-0.635754
37.241403	126.774385	-0.635754
37.241398	126.774384	-0.635754
37.241394	126.774383	-0.635754
37.241390	126.774383	-0.635754
37.241386	126.774381	-0.635754
37.241381	126.774380	-0.635754
37.241377	126.774379	-0.635754
37.241372	126.774378	-0.635754
37.241368	126.774376	-0.635754
37.241363	126.774375	-0.635754
37.241359	126.774374	-0.635754
37.241354	126.774373	-0.635754
37.241350	126.774371	-0.635754
37.241346	126.774370	-0.635754
37.241341	126.774369	-0.635754
37.241337	126.774368	-0.635754
37.241332	126.774366	-0.635754
37.241328	126.774365	-0.635754
37.241324	126.774364	-0.635754
37.241319	126.774363	-0.635754
37.241315	126.774361	-0.635754
37.241310	126.774360	-0.635754
37.241306	126.774359	-0.635754
37.241301	126.774357	-0.635754
37.241297	126.774356	-0.635754
37.241293	126.774355	-0.635754
37.241289	126.774353	-0.635754
37.241285	126.774352	-0.635754
37.241280	126.774350	-0.635754
37.241276	126.774349	-0.635754
37.241272	126.774347	-0.635754
37.241267	126.774345	-0.635754
37.241263	126.774344	-0.635754
37.241259	126.774342	-0.635754
37.241254	126.774340	-0.635754
37.241250	126.774339	-0.635754
37.241246	126.774337	-0.635754
37.241241	126.774335	-0.635754
37.241237	126.774334	-0.635754
37.241233	126.774332	-0.635754
37.241228	126.774331	-0.635754
37.241224	126.774329	-0.635754
37.241219	126.774327	-0.635754
37.241215	126.774326	-0.635754
37.241211	126.774324	-0.635754
37.241207	126.774322	-0.635754
37.241203	126.774320	-0.635754
37.241199	126.774318	-0.635754
37.241194	126.774316	-0.635754
37.241190	126.774314	-0.635754
37.241186	126.774312	-0.635754
37.241182	126.774310	-0.635754
37.241177	126.774308	-0.635754
37.241173	126.774306	-0.635754
37.241169	126.774304	-0.635754
37.241165	126.774302	-0.635754
37.241160	126.774300	-0.635754
37.241156	126.774298	-0.635754
37.241152	126.774296	-0.635754
37.241148	126.774294	-0.635754
37.241144	126.774292	-0.635754
37.241139	126.774290	-0.635754
37.241135	126.774288	-0.635754
37.241131	126.774286	-0.635754
37.241126	126.774284	-0.635754
37.241122	126.774282	-0.635754
37.241118	126.774281	-0.635754
37.241114	126.774278	-0.635754
37.241110	126.774276	-0.635754
37.241106	126.774274	-0.635754
37.241102	126.774272	-0.635754
37.241097	126.774270	-0.635754
37.241093	126.774268	-0.635754
37.241089	126.774266	-0.635754
37.241085	126.774264	-0.635754
37.241081	126.774262	-0.635754
37.241076	126.774259	-0.635754
37.241073	126.774258	-0.635754
37.241068	126.774255	-0.635754
37.241064	126.774253	-0.635754
37.241060	126.774251	-0.635754
37.241056	126.774249	-0.635754
37.241052	126.774246	-0.635754
37.241048	126.774244	-0.635754
37.241044	126.774242	-0.635754
37.241039	126.774239	-0.635754
37.241035	126.774237	-0.635754
37.241031	126.774235	-0.635754
37.241027	126.774232	-0.635754
37.241023	126.774230	-0.635754
37.241019	126.774228	-0.635754
37.241015	126.774225	-0.635754
37.241010	126.774223	-0.635754
37.241006	126.774221	-0.635754
37.241002	126.774218	-0.635754
37.240998	126.774216	-0.635754
37.240994	126.774214	-0.635754
37.240990	126.774212	-0.635754
37.240986	126.774209	-0.635754
37.240982	126.774207	-0.635754
37.240977	126.774204	-0.635754
37.240973	126.774202	-0.635754
37.240969	126.774200	-0.635754
37.240966	126.774198	-0.635754
37.240961	126.774195	-0.635754
37.240957	126.774193	-0.635754
37.240953	126.774191	-0.635754
37.240949	126.774188	-0.635754
37.240945	126.774186	-0.635754
37.240941	126.774183	-0.635754
37.240937	126.774181	-0.635754
37.240933	126.774179	-0.635754
37.240929	126.774176	-0.635754
37.240924	126.774174	-0.635754
37.240920	126.774172	-0.635754
37.240916	126.774169	-0.635754
37.240912	126.774167	-0.635754
37.240908	126.774164	-0.635754
37.240904	126.774162	-0.635754
37.240900	126.774159	-0.635754
37.240896	126.774156	-0.635754
37.240892	126.774154	-0.635754
37.240888	126.774151	-0.635754
37.240884	126.774149	-0.635754
37.240881	126.774147	-0.635754
37.240876	126.774144	-0.635754
37.240873	126.774142	-0.635754
37.240868	126.774139	-0.635754
37.240864	126.774137	-0.635754
37.240860	126.774134	-0.635754
37.240856	126.774132	-0.635754
37.240852	126.774129	-0.635754
37.240848	126.774126	-0.635754
37.240844	126.774124	-0.635754
37.240840	126.774121	-0.635754
37.240836	126.774119	-0.635754
37.240832	126.774116	-0.635754
37.240828	126.774114	-0.635754
37.240824	126.774111	-0.635754
37.240820	126.774109	-0.635754
37.240816	126.774106	-0.635754
37.240812	126.774104	-0.635754
37.240807	126.774101	-0.635754
37.240803	126.774099	-0.635754
37.240799	126.774096	-0.635754
37.240795	126.774094	-0.635754
37.240791	126.774091	-0.635754
37.240787	126.774088	-0.635754
37.240783	126.774086	-0.635754
37.240779	126.774083	-0.635754
37.240775	126.774081	-0.635754
37.240771	126.774078	-0.635754
37.240767	126.774076	-0.635754
37.240763	126.774073	-0.635754
37.240759	126.774071	-0.635754
37.240754	126.774068	-0.635754
37.240751	126.774066	-0.635754
37.240746	126.774063	-0.635754
37.240743	126.774061	-0.635754
37.240739	126.774059	-0.635754
37.240735	126.774056	-0.635754
37.240731	126.774053	-0.635754
37.240727	126.774051	-0.635754
37.240723	126.774048	-0.635754
37.240719	126.774045	-0.635754
37.240715	126.774043	-0.635754
37.240711	126.774040	-0.635754
37.240707	126.774038	-0.635754
37.240703	126.774035	-0.635754
37.240699	126.774033	-0.635754
37.240695	126.774030	-0.635754
37.240691	126.774028	-0.635754
37.240687	126.774025	-0.635754
37.240683	126.774023	-0.635754
37.240679	126.774021	-0.635754
37.240675	126.774018	-0.635754
37.240671	126.774016	-0.635754
37.240666	126.774014	-0.635754
37.240662	126.774012	-0.635754
37.240658	126.774009	-0.635754
37.240654	126.774007	-0.635754
37.240650	126.774005	-0.635754
37.240646	126.774002	-0.635754
37.240642	126.774000	-0.635754
37.240637	126.773998	-0.635754
37.240633	126.773996	-0.635754
37.240629	126.773993	-0.635754
37.240625	126.773991	-0.635754
37.240621	126.773989	-0.635754
37.240617	126.773986	-0.635754
37.240612	126.773984	-0.635754
37.240608	126.773982	-0.635754
37.240604	126.773980	-0.635754
37.240600	126.773977	-0.635754
37.240596	126.773975	-0.635754
37.240592	126.773973	-0.635754
37.240588	126.773970	-0.635754
37.240583	126.773968	-0.635754
37.240579	126.773966	-0.635754
37.240576	126.773964	-0.635754
37.240572	126.773961	-0.635754
37.240568	126.773959	-0.635754
37.240564	126.773957	-0.635754
37.240559	126.773955	-0.635754
37.240555	126.773952	-0.635754
37.240551	126.773950	-0.635754
37.240547	126.773948	-0.635754
37.240543	126.773945	-0.635754
37.240539	126.773943	-0.635754
37.240535	126.773941	-0.635754
37.240530	126.773939	-0.635754
37.240526	126.773936	-0.635754
37.240522	126.773934	-0.635754
37.240518	126.773932	-0.635754
37.240514	126.773929	-0.635754
37.240510	126.773927	-0.635754
37.240506	126.773925	-0.635754
37.240501	126.773923	-0.635754
37.240497	126.773920	-0.635754
37.240493	126.773918	-0.635754
37.240489	126.773916	-0.635754
37.240485	126.773914	-0.635754
37.240481	126.773911	-0.635754
37.240476	126.773909	-0.635754
37.240472	126.773907	-0.635754
37.240468	126.773904	-0.635754
37.240464	126.773902	-0.635754
37.240460	126.773900	-0.635754
37.240456	126.773897	-0.635754
37.240452	126.773895	-0.635754
37.240448	126.773893	-0.635754
37.240443	126.773890	-0.635754
37.240439	126.773888	-0.635754
37.240435	126.773886	-0.635754
37.240432	126.773884	-0.635754
37.240427	126.773881	-0.635754
37.240424	126.773879	-0.635754
37.240420	126.773876	-0.635754
37.240416	126.773873	-0.635754
37.240412	126.773871	-0.635754
37.240408	126.773868	-0.635754
37.240404	126.773865	-0.635754
37.240400	126.773863	-0.635754
37.240396	126.773860	-0.635754
37.240392	126.773858	-0.635754
37.240388	126.773855	-0.635754
37.240384	126.773852	-0.635754
37.240380	126.773850	-0.635754
37.240376	126.773847	-0.635754
37.240372	126.773844	-0.635754
37.240368	126.773842	-0.635754
37.240364	126.773839	-0.635754
37.240360	126.773836	-0.635754
37.240356	126.773834	-0.635754
37.240352	126.773831	-0.635754
37.240348	126.773828	-0.635754
37.240344	126.773826	-0.635754
37.240340	126.773823	-0.635754
37.240336	126.773821	-0.635754
37.240331	126.773818	-0.635754
37.240328	126.773815	-0.635754
37.240324	126.773813	-0.635754
37.240319	126.773810	-0.635754
37.240316	126.773808	-0.635754
37.240312	126.773805	-0.635754
37.240309	126.773803	-0.635754
37.240304	126.773800	-0.635754
37.240301	126.773798	-0.635754
37.240296	126.773795	-0.635754
37.240292	126.773792	-0.635754
37.240288	126.773789	-0.635754
37.240284	126.773787	-0.635754
37.240280	126.773784	-0.635754
37.240276	126.773781	-0.635754
37.240272	126.773779	-0.635754
37.240268	126.773776	-0.635754
37.240264	126.773773	-0.635754
37.240260	126.773771	-0.635754
37.240256	126.773768	-0.635754
37.240252	126.773765	-0.635754
37.240248	126.773763	-0.635754
37.240244	126.773760	-0.635754
37.240240	126.773757	-0.635754
37.240236	126.773755	-0.635754
37.240232	126.773752	-0.635754
37.240228	126.773749	-0.635754
37.240224	126.773747	-0.635754
37.240220	126.773744	-0.635754
37.240216	126.773741	-0.635754
37.240212	126.773739	-0.635754
37.240208	126.773736	-0.635754
37.240204	126.773733	-0.635754
37.240200	126.773731	-0.635754
37.240196	126.773728	-0.635754
37.240192	126.773725	-0.635754
37.240188	126.773723	-0.635754
37.240184	126.773720	-0.635754
37.240180	126.773717	-0.635754
37.240176	126.773715	-0.635754
37.240173	126.773712	-0.635754
37.240168	126.773709	-0.635754
37.240165	126.773707	-0.635754
37.240161	126.773705	-0.635754
37.240157	126.773702	-0.635754
37.240153	126.773700	-0.635754
37.240149	126.773697	-0.635754
37.240145	126.773694	-0.635754
37.240141	126.773692	-0.635754
37.240137	126.773689	-0.635754
37.240133	126.773686	-0.635754
37.240129	126.773684	-0.635754
37.240125	126.773681	-0.635754
37.240121	126.773679	-0.635754
37.240117	126.773676	-0.635754
37.240113	126.773673	-0.635754
37.240109	126.773671	-0.635754
37.240105	126.773668	-0.635754
37.240101	126.773666	-0.635754
37.240096	126.773663	-0.635754
37.240093	126.773660	-0.635754
37.240088	126.773658	-0.635754
37.240085	126.773655	-0.635754
37.240080	126.773652	-0.635754
37.240077	126.773650	-0.635754
37.240073	126.773648	-0.635754
37.240069	126.773645	-0.635754
37.240065	126.773642	-0.635754
37.240061	126.773640	-0.635754
37.240057	126.773637	-0.635754
37.240053	126.773634	-0.635754
37.240049	126.773632	-0.635754
37.240045	126.773629	-0.635754
37.240041	126.773626	-0.635754
37.240037	126.773624	-0.635754
37.240033	126.773621	-0.635754
37.240029	126.773618	-0.635754
37.240025	126.773616	-0.635754
37.240021	126.773613	-0.635754
37.240017	126.773611	-0.635754
37.240013	126.773608	-0.635754
37.240009	126.773605	-0.635754
37.240005	126.773603	-0.635754
37.240001	126.773600	-0.635754
37.239997	126.773597	-0.635754
37.239993	126.773595	-0.635754
37.239989	126.773592	-0.635754
37.239985	126.773590	-0.635754
37.239981	126.773587	-0.635754
37.239977	126.773584	-0.635754
37.239973	126.773582	-0.635754
37.239969	126.773579	-0.635754
37.239965	126.773577	-0.635754
37.239961	126.773574	-0.635754
37.239957	126.773571	-0.635754
37.239953	126.773569	-0.635754
37.239949	126.773566	-0.635754
37.239945	126.773563	-0.635754
37.239941	126.773561	-0.635754
37.239937	126.773558	-0.635754
37.239933	126.773555	-0.635754
37.239929	126.773553	-0.635754
37.239925	126.773550	-0.635754
37.239921	126.773547	-0.635754
37.239918	126.773545	-0.635754
37.239914	126.773542	-0.635754
37.239909	126.773540	-0.635754
37.239906	126.773537	-0.635754
37.239901	126.773534	-0.635754
37.239898	126.773532	-0.635754
37.239893	126.773529	-0.635754
37.239889	126.773527	-0.635754
37.239885	126.773524	-0.635754
37.239881	126.773521	-0.635754
37.239877	126.773519	-0.635754
37.239873	126.773516	-0.635754
37.239869	126.773514	-0.635754
37.239865	126.773511	-0.635754
37.239861	126.773508	-0.635754
37.239857	126.773506	-0.635754
37.239853	126.773503	-0.635754
37.239849	126.773500	-0.635754
37.239845	126.773498	-0.635754
37.239841	126.773495	-0.635754
37.239838	126.773493	-0.635754
37.239834	126.773490	-0.635754
37.239830	126.773487	-0.635754
37.239826	126.773484	-0.635754
37.239822	126.773481	-0.635754
37.239818	126.773478	-0.635754
37.239814	126.773475	-0.635754
37.239810	126.773473	-0.635754
37.239806	126.773470	-0.635754
37.239803	126.773467	-0.635754
37.239799	126.773464	-0.635754
37.239795	126.773461	-0.635754
37.239791	126.773458	-0.635754
37.239787	126.773455	-0.635754
37.239783	126.773452	-0.635754
37.239779	126.773449	-0.635754
37.239777	126.773447	-0.635754
37.239772	126.773444	-0.635754
37.239768	126.773442	-0.635754
37.239764	126.773439	-0.635754
37.239760	126.773437	-0.635754
37.239756	126.773434	-0.635754
37.239752	126.773431	-0.635754
37.239748	126.773429	-0.635754
37.239744	126.773426	-0.635754
37.239740	126.773424	-0.635754
37.239736	126.773421	-0.635754
37.239732	126.773418	-0.635754
37.239728	126.773416	-0.635754
37.239724	126.773413	-0.635754
37.239720	126.773411	-0.635754
37.239716	126.773408	-0.635754
37.239712	126.773406	-0.635754
37.239707	126.773403	-0.635754
37.239703	126.773401	-0.635754
37.239699	126.773398	-0.635754
37.239695	126.773395	-0.635754
37.239691	126.773393	-0.635754
37.239687	126.773390	-0.635754
37.239683	126.773388	-0.635754
37.239679	126.773385	-0.635754
37.239675	126.773383	-0.635754
37.239671	126.773380	-0.635754
37.239667	126.773377	-0.635754
37.239663	126.773375	-0.635754
37.239659	126.773372	-0.635754
37.239655	126.773370	-0.635754
37.239651	126.773367	-0.635754
37.239647	126.773365	-0.635754
37.239643	126.773362	-0.635754
37.239639	126.773359	-0.635754
37.239635	126.773357	-0.635754
37.239631	126.773354	-0.635754
37.239627	126.773352	-0.635754
37.239623	126.773349	-0.635754
37.239618	126.773347	-0.635754
37.239614	126.773344	-0.635754
37.239610	126.773341	-0.635754
37.239607	126.773339	-0.635754
37.239603	126.773337	-0.635754
37.239598	126.773334	-0.635754
37.239594	126.773331	-0.635754
37.239590	126.773329	-0.635754
37.239586	126.773326	-0.635754
37.239582	126.773324	-0.635754
37.239580	126.773322	-0.635754
37.239575	126.773319	-0.635754
37.239572	126.773317	-0.635754
37.239568	126.773315	-0.635754
37.239563	126.773312	-0.635754
37.239559	126.773309	-0.635754
37.239555	126.773307	-0.635754
37.239551	126.773304	-0.635754
37.239547	126.773302	-0.635754
37.239543	126.773299	-0.635754
37.239539	126.773296	-0.635754
37.239535	126.773294	-0.635754
37.239531	126.773291	-0.635754
37.239527	126.773289	-0.635754
37.239523	126.773286	-0.635754
37.239519	126.773284	-0.635754
37.239515	126.773281	-0.635754
37.239511	126.773278	-0.635754
37.239506	126.773276	-0.635754
37.239503	126.773273	-0.635754
37.239499	126.773271	-0.635754
37.239495	126.773268	-0.635754
37.239490	126.773266	-0.635754
37.239486	126.773263	-0.635754
37.239482	126.773260	-0.635754
37.239478	126.773258	-0.635754
37.239474	126.773255	-0.635754
37.239470	126.773253	-0.635754
37.239466	126.773250	-0.635754
37.239462	126.773248	-0.635754
37.239458	126.773245	-0.635754
37.239454	126.773242	-0.635754
37.239450	126.773240	-0.635754
37.239446	126.773237	-0.635754
37.239442	126.773235	-0.635754
37.239438	126.773232	-0.635754
37.239434	126.773230	-0.635754
37.239430	126.773227	-0.635754
37.239426	126.773225	-0.635754
37.239422	126.773222	-0.635754
37.239418	126.773219	-0.635754
37.239413	126.773217	-0.635754
37.239409	126.773214	-0.635754
37.239405	126.773212	-0.635754
37.239402	126.773209	-0.635754
37.239398	126.773207	-0.635754
37.239393	126.773204	-0.635754
37.239389	126.773201	-0.635754
37.239385	126.773199	-0.635754
37.239382	126.773197	-0.635754
37.239377	126.773193	-0.635754
37.239375	126.773192	-0.635754
37.239370	126.773189	-0.635754
37.239367	126.773187	-0.635754
37.239363	126.773184	-0.635754
37.239358	126.773181	-0.635754
37.239355	126.773178	-0.635754
37.239351	126.773176	-0.635754
37.239347	126.773173	-0.635754
37.239342	126.773170	-0.635754
37.239339	126.773167	-0.635754
37.239335	126.773165	-0.635754
37.239331	126.773162	-0.635754
37.239327	126.773159	-0.635754
37.239323	126.773156	-0.635754
37.239319	126.773153	-0.635754
37.239315	126.773151	-0.635754
37.239311	126.773148	-0.635754
37.239307	126.773145	-0.635754
37.239303	126.773142	-0.635754
37.239299	126.773140	-0.635754
37.239295	126.773137	-0.635754
37.239291	126.773134	-0.635754
37.239287	126.773131	-0.635754
37.239283	126.773129	-0.635754
37.239279	126.773126	-0.635754
37.239275	126.773123	-0.635754
37.239271	126.773120	-0.635754
37.239267	126.773118	-0.635754
37.239263	126.773115	-0.635754
37.239259	126.773112	-0.635754
37.239255	126.773109	-0.635754
37.239251	126.773106	-0.635754
37.239248	126.773104	-0.635754
37.239243	126.773101	-0.635754
37.239239	126.773098	-0.635754
37.239236	126.773096	-0.635754
37.239231	126.773093	-0.635754
37.239229	126.773091	-0.635754
37.239225	126.773088	-0.635754
37.239221	126.773086	-0.635754
37.239217	126.773083	-0.635754
37.239213	126.773080	-0.635754
37.239208	126.773077	-0.635754
37.239205	126.773075	-0.635754
37.239201	126.773073	-0.635754
37.239197	126.773070	-0.635754
37.239193	126.773067	-0.635754
37.239188	126.773064	-0.635754
37.239184	126.773062	-0.635754
37.239181	126.773059	-0.635754
37.239177	126.773057	-0.635754
37.239173	126.773054	-0.635754
37.239169	126.773051	-0.635754
37.239164	126.773048	-0.635754
37.239160	126.773046	-0.635754
37.239156	126.773043	-0.635754
37.239152	126.773041	-0.635754
37.239148	126.773038	-0.635754
37.239144	126.773035	-0.635754
37.239140	126.773033	-0.635754
37.239136	126.773030	-0.635754
37.239132	126.773027	-0.635754
37.239128	126.773025	-0.635754
37.239124	126.773022	-0.635754
37.239120	126.773019	-0.635754
37.239116	126.773017	-0.635754
37.239112	126.773014	-0.635754
37.239108	126.773012	-0.635754
37.239104	126.773009	-0.635754
37.239100	126.773006	-0.635754
37.239096	126.773004	-0.635754
37.239092	126.773001	-0.635754
37.239088	126.772998	-0.635754
37.239085	126.772996	-0.635754
37.239080	126.772993	-0.635754
37.239076	126.772990	-0.635754
37.239072	126.772988	-0.635754
37.239068	126.772985	-0.635754
37.239065	126.772983	-0.635754
37.239060	126.772980	-0.635754
37.239056	126.772977	-0.635754
37.239052	126.772975	-0.635754
37.239048	126.772972	-0.635754
37.239044	126.772969	-0.635754
37.239041	126.772967	-0.635754
37.239037	126.772965	-0.635754
37.239033	126.772962	-0.635754
37.239029	126.772959	-0.635754
37.239025	126.772957	-0.635754
37.239021	126.772954	-0.635754
37.239017	126.772952	-0.635754
37.239013	126.772949	-0.635754
37.239009	126.772947	-0.635754
37.239005	126.772944	-0.635754
37.239001	126.772941	-0.635754
37.238997	126.772939	-0.635754
37.238993	126.772936	-0.635754
37.238989	126.772934	-0.635754
37.238984	126.772931	-0.635754
37.238981	126.772928	-0.635754
37.238976	126.772926	-0.635754
37.238972	126.772923	-0.635754
37.238968	126.772921	-0.635754
37.238964	126.772918	-0.635754
37.238961	126.772915	-0.635754
37.238957	126.772913	-0.635754
37.238953	126.772910	-0.635754
37.238949	126.772907	-0.635754
37.238945	126.772904	-0.635754
37.238941	126.772901	-0.635754
37.238937	126.772898	-0.635754
37.238934	126.772896	-0.635754
37.238930	126.772893	-0.635754
37.238926	126.772890	-0.635754
37.238922	126.772887	-0.635754
37.238918	126.772884	-0.635754
37.238914	126.772881	-0.635754
37.238910	126.772878	-0.635754
37.238906	126.772875	-0.635754
37.238903	126.772872	-0.635754
37.238898	126.772869	-0.635754
37.238895	126.772866	-0.635754
37.238891	126.772864	-0.635754
37.238887	126.772861	-0.635754
37.238883	126.772858	-0.635754
37.238879	126.772855	-0.635754
37.238875	126.772852	-0.635754
37.238871	126.772849	-0.635754
37.238868	126.772846	-0.635754
37.238864	126.772842	-0.635754
37.238861	126.772839	-0.635754
37.238857	126.772835	-0.635754
37.238854	126.772832	-0.635754
37.238851	126.772828	-0.635754
37.238847	126.772824	-0.635754
37.238844	126.772821	-0.635754
37.238840	126.772817	-0.635754
