37.238971	126.772984	-0.507873
37.238975	126.772987	-0.507873
37.238979	126.772989	-0.507873
37.238983	126.772992	-0.507873
37.238987	126.772995	-0.507873
37.238991	126.772997	-0.507873
37.238995	126.773000	-0.507873
37.238998	126.773003	-0.507873
37.239002	126.773006	-0.507873
37.239006	126.773008	-0.507873
37.239010	126.773011	-0.507873
37.239014	126.773014	-0.507873
37.239018	126.773016	-0.507873
37.239022	126.773019	-0.507873
37.239026	126.773022	-0.507873
37.239030	126.773025	-0.507873
37.239034	126.773027	-0.507873
37.239038	126.773030	-0.507873
37.239042	126.773033	-0.507873
37.239046	126.773035	-0.507873
37.239050	126.773038	-0.507873
37.239054	126.773041	-0.507873
37.239058	126.773043	-0.507873
37.239062	126.773046	-0.507873
37.239065	126.773049	-0.507873
37.239069	126.773051	-0.507873
37.239073	126.773054	-0.507873
37.239077	126.773057	-0.507873
37.239081	126.773060	-0.507873
37.239085	126.773062	-0.507873
37.239089	126.773065	-0.507873
37.239093	126.773068	-0.507873
37.239097	126.773070	-0.507873
37.239101	126.773073	-0.507873
37.239105	126.773076	-0.507873
37.239109	126.773078	-0.507873
37.239113	126.773081	-0.507873
37.239117	126.773084	-0.507873
37.239121	126.773086	-0.507873
37.239125	126.773089	-0.507873
37.239129	126.773092	-0.507873
37.239133	126.773094	-0.507873
37.239137	126.773097	-0.507873
37.239141	126.773099	-0.507873
37.239145	126.773102	-0.507873
37.239149	126.773105	-0.507873
37.239153	126.773107	-0.507873
37.239157	126.773110	-0.507873
37.239161	126.773113	-0.507873
37.239165	126.773115	-0.507873
37.239169	126.773118	-0.507873
37.239173	126.773121	-0.507873
37.239177	126.773123	-0.507873
37.239181	126.773126	-0.507873
37.239185	126.773129	-0.507873
37.239189	126.773131	-0.507873
37.239193	126.773134	-0.507873
37.239197	126.773136	-0.507873
37.239201	126.773139	-0.507873
37.239205	126.773142	-0.507873
37.239209	126.773144	-0.507873
37.239213	126.773147	-0.507873
37.239217	126.773150	-0.507873
37.239221	126.773152	-0.507873
37.239225	126.773155	-0.507873
37.239229	126.773157	-0.507873
37.239232	126.773160	-0.507873
37.239236	126.773163	-0.507873
37.239241	126.773165	-0.507873
37.239245	126.773168	-0.507873
37.239248	126.773171	-0.507873
37.239252	126.773173	-0.507873
37.239256	126.773176	-0.507873
37.239260	126.773178	-0.507873
37.239264	126.773181	-0.507873
37.239268	126.773184	-0.507873
37.239272	126.773186	-0.507873
37.239276	126.773189	-0.507873
37.239280	126.773192	-0.507873
37.239284	126.773194	-0.507873
37.239288	126.773197	-0.507873
37.239292	126.773199	-0.507873
37.239296	126.773202	-0.507873
37.239300	126.773205	-0.507873
37.239304	126.773207	-0.507873
37.239308	126.773210	-0.507873
37.239312	126.773212	-0.507873
37.239316	126.773215	-0.507873
37.239320	126.773218	-0.507873
37.239324	126.773220	-0.507873
37.239328	126.773223	-0.507873
37.239332	126.773225	-0.507873
37.239336	126.773228	-0.507873
37.239340	126.773231	-0.507873
37.239344	126.773233	-0.507873
37.239348	126.773236	-0.507873
37.239352	126.773239	-0.507873
37.239356	126.773241	-0.507873
37.239360	126.773244	-0.507873
37.239364	126.773246	-0.507873
37.239368	126.773249	-0.507873
37.239372	126.773251	-0.507873
37.239376	126.773254	-0.507873
37.239380	126.773257	-0.507873
37.239384	126.773259	-0.507873
37.239388	126.773262	-0.507873
37.239392	126.773264	-0.507873
37.239396	126.773267	-0.507873
37.239400	126.773269	-0.507873
37.239404	126.773272	-0.507873
37.239408	126.773275	-0.507873
37.239412	126.773277	-0.507873
37.239416	126.773280	-0.507873
37.239420	126.773282	-0.507873
37.239424	126.773285	-0.507873
37.239428	126.773288	-0.507873
37.239432	126.773290	-0.507873
37.239436	126.773293	-0.507873
37.239440	126.773295	-0.507873
37.239444	126.773298	-0.507873
37.239448	126.773300	-0.507873
37.239452	126.773303	-0.507873
37.239456	126.773306	-0.507873
37.239460	126.773308	-0.507873
37.239464	126.773311	-0.507873
37.239468	126.773313	-0.507873
37.239473	126.773316	-0.507873
37.239477	126.773319	-0.507873
37.239481	126.773321	-0.507873
37.239485	126.773324	-0.507873
37.239489	126.773326	-0.507873
37.239493	126.773329	-0.507873
37.239497	126.773331	-0.507873
37.239501	126.773334	-0.507873
37.239505	126.773336	-0.507873
37.239509	126.773339	-0.507873
37.239513	126.773342	-0.507873
37.239517	126.773344	-0.507873
37.239521	126.773347	-0.507873
37.239525	126.773349	-0.507873
37.239529	126.773352	-0.507873
37.239533	126.773354	-0.507873
37.239537	126.773357	-0.507873
37.239541	126.773360	-0.507873
37.239545	126.773362	-0.507873
37.239549	126.773365	-0.507873
37.239553	126.773367	-0.507873
37.239557	126.773370	-0.507873
37.239561	126.773372	-0.507873
37.239565	126.773375	-0.507873
37.239569	126.773378	-0.507873
37.239573	126.773380	-0.507873
37.239577	126.773383	-0.507873
37.239581	126.773385	-0.507873
37.239585	126.773388	-0.507873
37.239589	126.773390	-0.507873
37.239593	126.773393	-0.507873
37.239597	126.773396	-0.507873
37.239601	126.773398	-0.507873
37.239605	126.773401	-0.507873
37.239609	126.773403	-0.507873
37.239613	126.773406	-0.507873
37.239617	126.773409	-0.507873
37.239621	126.773411	-0.507873
37.239625	126.773414	-0.507873
37.239629	126.773417	-0.507873
37.239633	126.773419	-0.507873
37.239637	126.773421	-0.507873
37.239641	126.773424	-0.507873
37.239645	126.773426	-0.507873
37.239649	126.773428	-0.507873
37.239653	126.773430	-0.507873
37.239658	126.773432	-0.507873
37.239662	126.773434	-0.507873
37.239666	126.773436	-0.507873
37.239670	126.773437	-0.507873
37.239675	126.773439	-0.507873
37.239679	126.773440	-0.507873
37.239684	126.773441	-0.507873
37.239688	126.773443	-0.507873
37.239692	126.773444	-0.507873
37.239697	126.773444	-0.507873
37.239701	126.773445	-0.507873
37.239706	126.773446	-0.507873
37.239710	126.773447	-0.507873
37.239715	126.773447	-0.507873
37.239719	126.773448	-0.507873
37.239724	126.773448	-0.507873
37.239728	126.773448	-0.507873
37.239733	126.773449	-0.507873
37.239737	126.773448	-0.507873
37.239742	126.773448	-0.507873
37.239746	126.773447	-0.507873
37.239751	126.773446	-0.507873
37.239755	126.773444	-0.507873
37.239759	126.773442	-0.507873
37.239763	126.773440	-0.507873
37.239767	126.773438	-0.507873
37.239771	126.773435	-0.507873
37.239775	126.773432	-0.507873
37.239778	126.773428	-0.507873
37.239781	126.773423	-0.507873
37.239783	126.773419	-0.507873
37.239786	126.773414	-0.507873
37.239788	126.773409	-0.507873
37.239790	126.773404	-0.507873
37.239793	126.773399	-0.507873
37.239795	126.773394	-0.507873
37.239797	126.773390	-0.507873
37.239799	126.773385	-0.507873
37.239802	126.773380	-0.507873
37.239804	126.773375	-0.507873
37.239806	126.773370	-0.507873
37.239808	126.773365	-0.507873
37.239810	126.773360	-0.507873
37.239813	126.773355	-0.507873
37.239814	126.773351	-0.507873
37.239817	126.773345	-0.507873
37.239818	126.773341	-0.507873
37.239821	126.773336	-0.507873
37.239823	126.773330	-0.507873
37.239825	126.773326	-0.507873
37.239827	126.773321	-0.507873
37.239829	126.773316	-0.507873
37.239831	126.773310	-0.507873
37.239833	126.773305	-0.507873
37.239835	126.773300	-0.507873
37.239837	126.773295	-0.507873
37.239840	126.773290	-0.507873
37.239842	126.773285	-0.507873
37.239844	126.773280	-0.507873
37.239846	126.773275	-0.507873
37.239848	126.773270	-0.507873
37.239850	126.773265	-0.507873
37.239852	126.773260	-0.507873
37.239854	126.773255	-0.507873
37.239856	126.773250	-0.507873
37.239858	126.773245	-0.507873
37.239861	126.773240	-0.507873
37.239863	126.773235	-0.507873
37.239865	126.773230	-0.507873
37.239867	126.773225	-0.507873
37.239869	126.773220	-0.507873
37.239871	126.773215	-0.507873
37.239873	126.773210	-0.507873
37.239875	126.773205	-0.507873
37.239877	126.773200	-0.507873
37.239879	126.773195	-0.507873
37.239882	126.773190	-0.507873
37.239884	126.773185	-0.507873
37.239886	126.773180	-0.507873
37.239888	126.773175	-0.507873
37.239890	126.773170	-0.507873
37.239892	126.773165	-0.507873
37.239894	126.773160	-0.507873
37.239896	126.773156	-0.507873
37.239898	126.773151	-0.507873
37.239901	126.773146	-0.507873
37.239903	126.773141	-0.507873
37.239905	126.773136	-0.507873
37.239907	126.773131	-0.507873
37.239910	126.773126	-0.507873
37.239912	126.773122	-0.507873
37.239915	126.773117	-0.507873
37.239917	126.773112	-0.507873
37.239920	126.773108	-0.507873
37.239923	126.773103	-0.507873
37.239926	126.773099	-0.507873
37.239929	126.773095	-0.507873
37.239932	126.773091	-0.507873
37.239935	126.773087	-0.507873
37.239939	126.773083	-0.507873
37.239942	126.773080	-0.507873
37.239946	126.773076	-0.507873
37.239949	126.773073	-0.507873
37.239953	126.773069	-0.507873
37.239956	126.773066	-0.507873
37.239960	126.773063	-0.507873
37.239964	126.773060	-0.507873
37.239968	126.773058	-0.507873
37.239972	126.773056	-0.507873
37.239977	126.773054	-0.507873
37.239981	126.773052	-0.507873
37.239985	126.773050	-0.507873
37.239989	126.773049	-0.507873
37.239994	126.773047	-0.507873
37.239998	126.773047	-0.507873
37.240003	126.773046	-0.507873
37.240007	126.773046	-0.507873
37.240012	126.773046	-0.507873
37.240016	126.773046	-0.507873
37.240021	126.773046	-0.507873
37.240025	126.773046	-0.507873
37.240030	126.773047	-0.507873
37.240034	126.773048	-0.507873
37.240039	126.773050	-0.507873
37.240043	126.773051	-0.507873
37.240047	126.773053	-0.507873
37.240051	126.773055	-0.507873
37.240056	126.773056	-0.507873
37.240060	126.773058	-0.507873
37.240064	126.773060	-0.507873
37.240068	126.773062	-0.507873
37.240073	126.773064	-0.507873
37.240077	126.773067	-0.507873
37.240081	126.773069	-0.507873
37.240085	126.773072	-0.507873
37.240089	126.773074	-0.507873
37.240093	126.773077	-0.507873
37.240097	126.773079	-0.507873
37.240101	126.773082	-0.507873
37.240105	126.773084	-0.507873
37.240109	126.773087	-0.507873
37.240113	126.773089	-0.507873
37.240117	126.773092	-0.507873
37.240121	126.773094	-0.507873
37.240125	126.773097	-0.507873
37.240129	126.773099	-0.507873
37.240133	126.773102	-0.507873
37.240137	126.773104	-0.507873
37.240141	126.773107	-0.507873
37.240145	126.773110	-0.507873
37.240149	126.773112	-0.507873
37.240153	126.773115	-0.507873
37.240157	126.773118	-0.507873
37.240161	126.773120	-0.507873
37.240165	126.773123	-0.507873
37.240169	126.773126	-0.507873
37.240173	126.773129	-0.507873
37.240177	126.773131	-0.507873
37.240181	126.773134	-0.507873
37.240185	126.773137	-0.507873
37.240189	126.773140	-0.507873
37.240193	126.773142	-0.507873
37.240196	126.773145	-0.507873
37.240201	126.773148	-0.507873
37.240204	126.773150	-0.507873
37.240209	126.773153	-0.507873
37.240212	126.773156	-0.507873
37.240217	126.773158	-0.507873
37.240220	126.773160	-0.507873
37.240224	126.773163	-0.507873
37.240228	126.773165	-0.507873
37.240232	126.773168	-0.507873
37.240237	126.773170	-0.507873
37.240241	126.773173	-0.507873
37.240245	126.773175	-0.507873
37.240249	126.773178	-0.507873
37.240253	126.773181	-0.507873
37.240257	126.773183	-0.507873
37.240261	126.773186	-0.507873
37.240265	126.773188	-0.507873
37.240269	126.773191	-0.507873
37.240273	126.773193	-0.507873
37.240277	126.773196	-0.507873
37.240281	126.773199	-0.507873
37.240285	126.773201	-0.507873
37.240289	126.773204	-0.507873
37.240293	126.773207	-0.507873
37.240296	126.773210	-0.507873
37.240300	126.773214	-0.507873
37.240303	126.773218	-0.507873
37.240306	126.773222	-0.507873
37.240308	126.773227	-0.507873
37.240310	126.773232	-0.507873
37.240312	126.773237	-0.507873
37.240313	126.773242	-0.507873
37.240314	126.773248	-0.507873
37.240315	126.773253	-0.507873
37.240315	126.773259	-0.507873
37.240316	126.773265	-0.507873
37.240316	126.773270	-0.507873
37.240315	126.773276	-0.507873
37.240315	126.773281	-0.507873
37.240314	126.773287	-0.507873
37.240312	126.773292	-0.507873
37.240311	126.773297	-0.507873
37.240309	126.773303	-0.507873
37.240307	126.773308	-0.507873
37.240305	126.773313	-0.507873
37.240303	126.773318	-0.507873
37.240301	126.773323	-0.507873
37.240300	126.773328	-0.507873
37.240298	126.773333	-0.507873
37.240295	126.773338	-0.507873
37.240293	126.773343	-0.507873
37.240291	126.773348	-0.507873
37.240289	126.773353	-0.507873
37.240287	126.773358	-0.507873
37.240285	126.773363	-0.507873
37.240283	126.773368	-0.507873
37.240281	126.773373	-0.507873
37.240279	126.773378	-0.507873
37.240277	126.773383	-0.507873
37.240275	126.773388	-0.507873
37.240273	126.773393	-0.507873
37.240271	126.773398	-0.507873
37.240269	126.773403	-0.507873
37.240267	126.773408	-0.507873
37.240264	126.773413	-0.507873
37.240262	126.773418	-0.507873
37.240260	126.773423	-0.507873
37.240258	126.773428	-0.507873
37.240256	126.773433	-0.507873
37.240254	126.773438	-0.507873
37.240252	126.773443	-0.507873
37.240249	126.773448	-0.507873
37.240247	126.773453	-0.507873
37.240245	126.773458	-0.507873
37.240243	126.773463	-0.507873
37.240241	126.773468	-0.507873
37.240239	126.773473	-0.507873
37.240237	126.773478	-0.507873
37.240235	126.773483	-0.507873
37.240233	126.773488	-0.507873
37.240231	126.773493	-0.507873
37.240228	126.773498	-0.507873
37.240226	126.773503	-0.507873
37.240224	126.773508	-0.507873
37.240222	126.773513	-0.507873
37.240220	126.773518	-0.507873
37.240218	126.773523	-0.507873
37.240216	126.773528	-0.507873
37.240214	126.773533	-0.507873
37.240211	126.773538	-0.507873
37.240209	126.773543	-0.507873
37.240207	126.773548	-0.507873
37.240205	126.773553	-0.507873
37.240203	126.773557	-0.507873
37.240201	126.773562	-0.507873
37.240199	126.773567	-0.507873
37.240197	126.773572	-0.507873
37.240195	126.773577	-0.507873
37.240193	126.773582	-0.507873
37.240190	126.773587	-0.507873
37.240188	126.773592	-0.507873
37.240186	126.773597	-0.507873
37.240184	126.773602	-0.507873
37.240182	126.773607	-0.507873
37.240179	126.773612	-0.507873
37.240177	126.773617	-0.507873
37.240175	126.773622	-0.507873
37.240173	126.773627	-0.507873
37.240171	126.773632	-0.507873
37.240168	126.773637	-0.507873
37.240166	126.773642	-0.507873
37.240164	126.773647	-0.507873
37.240162	126.773652	-0.507873
37.240160	126.773657	-0.507873
37.240157	126.773662	-0.507873
37.240155	126.773666	-0.507873
37.240153	126.773672	-0.507873
37.240151	126.773676	-0.507873
37.240149	126.773681	-0.507873
37.240146	126.773687	-0.507873
37.240144	126.773691	-0.507873
37.240142	126.773697	-0.507873
37.240140	126.773700	-0.507873
37.240138	126.773706	-0.507873
37.240136	126.773710	-0.507873
37.240134	126.773715	-0.507873
37.240132	126.773721	-0.507873
37.240130	126.773725	-0.507873
37.240128	126.773730	-0.507873
37.240126	126.773736	-0.507873
37.240124	126.773741	-0.507873
37.240122	126.773746	-0.507873
37.240119	126.773751	-0.507873
37.240117	126.773756	-0.507873
37.240115	126.773761	-0.507873
37.240113	126.773766	-0.507873
37.240111	126.773771	-0.507873
37.240109	126.773776	-0.507873
37.240107	126.773781	-0.507873
37.240105	126.773786	-0.507873
37.240103	126.773791	-0.507873
37.240101	126.773796	-0.507873
37.240099	126.773801	-0.507873
37.240096	126.773806	-0.507873
37.240094	126.773811	-0.507873
37.240092	126.773816	-0.507873
37.240090	126.773821	-0.507873
37.240088	126.773826	-0.507873
37.240086	126.773831	-0.507873
37.240084	126.773836	-0.507873
37.240082	126.773841	-0.507873
37.240080	126.773846	-0.507873
37.240078	126.773851	-0.507873
37.240076	126.773857	-0.507873
37.240074	126.773861	-0.507873
37.240071	126.773867	-0.507873
37.240070	126.773871	-0.507873
37.240068	126.773876	-0.507873
37.240066	126.773881	-0.507873
37.240064	126.773886	-0.507873
37.240062	126.773891	-0.507873
37.240059	126.773896	-0.507873
37.240057	126.773901	-0.507873
37.240055	126.773906	-0.507873
37.240053	126.773911	-0.507873
37.240051	126.773916	-0.507873
37.240049	126.773921	-0.507873
37.240047	126.773926	-0.507873
37.240045	126.773931	-0.507873
37.240043	126.773936	-0.507873
37.240041	126.773941	-0.507873
37.240039	126.773946	-0.507873
37.240037	126.773952	-0.507873
37.240035	126.773957	-0.507873
37.240033	126.773962	-0.507873
37.240031	126.773967	-0.507873
37.240029	126.773971	-0.507873
37.240027	126.773976	-0.507873
37.240025	126.773981	-0.507873
37.240023	126.773986	-0.507873
37.240021	126.773992	-0.507873
37.240019	126.773996	-0.507873
37.240017	126.774001	-0.507873
37.240014	126.774006	-0.507873
37.240012	126.774011	-0.507873
37.240010	126.774017	-0.507873
37.240008	126.774022	-0.507873
37.240006	126.774027	-0.507873
37.240004	126.774032	-0.507873
37.240002	126.774037	-0.507873
37.240000	126.774042	-0.507873
37.239998	126.774047	-0.507873
37.239996	126.774052	-0.507873
37.239994	126.774056	-0.507873
37.239992	126.774061	-0.507873
37.239990	126.774066	-0.507873
37.239988	126.774071	-0.507873
37.239986	126.774077	-0.507873
37.239984	126.774082	-0.507873
37.239981	126.774087	-0.507873
37.239979	126.774092	-0.507873
37.239977	126.774097	-0.507873
37.239975	126.774102	-0.507873
37.239973	126.774107	-0.507873
37.239971	126.774112	-0.507873
37.239969	126.774117	-0.507873
37.239967	126.774122	-0.507873
37.239965	126.774127	-0.507873
37.239963	126.774132	-0.507873
37.239961	126.774137	-0.507873
37.239959	126.774142	-0.507873
37.239958	126.774147	-0.507873
37.239957	126.774153	-0.507873
37.239956	126.774158	-0.507873
37.239956	126.774164	-0.507873
37.239956	126.774170	-0.507873
37.239956	126.774175	-0.507873
37.239956	126.774181	-0.507873
37.239956	126.774187	-0.507873
37.239957	126.774192	-0.507873
37.239957	126.774198	-0.507873
37.239958	126.774203	-0.507873
37.239959	126.774209	-0.507873
37.239960	126.774214	-0.507873
37.239961	126.774220	-0.507873
37.239962	126.774225	-0.507873
37.239964	126.774230	-0.507873
37.239965	126.774236	-0.507873
37.239967	126.774241	-0.507873
37.239968	126.774246	-0.507873
37.239970	126.774252	-0.507873
37.239972	126.774257	-0.507873
37.239974	126.774262	-0.507873
37.239977	126.774266	-0.507873
37.239980	126.774269	-0.507873
37.239984	126.774273	-0.507873
37.239988	126.774276	-0.507873
37.239991	126.774280	-0.507873
37.239995	126.774283	-0.507873
37.239999	126.774286	-0.507873
37.240003	126.774289	-0.507873
37.240006	126.774292	-0.507873
37.240010	126.774295	-0.507873
37.240014	126.774298	-0.507873
37.240018	126.774301	-0.507873
37.240022	126.774304	-0.507873
37.240026	126.774307	-0.507873
37.240030	126.774310	-0.507873
37.240033	126.774313	-0.507873
37.240037	126.774316	-0.507873
37.240041	126.774319	-0.507873
37.240045	126.774322	-0.507873
37.240049	126.774324	-0.507873
37.240053	126.774327	-0.507873
37.240057	126.774330	-0.507873
37.240061	126.774332	-0.507873
37.240065	126.774335	-0.507873
37.240069	126.774338	-0.507873
37.240073	126.774340	-0.507873
37.240077	126.774343	-0.507873
37.240080	126.774346	-0.507873
37.240084	126.774348	-0.507873
37.240088	126.774351	-0.507873
37.240092	126.774353	-0.507873
37.240096	126.774356	-0.507873
37.240100	126.774358	-0.507873
37.240104	126.774361	-0.507873
37.240108	126.774364	-0.507873
37.240112	126.774366	-0.507873
37.240116	126.774369	-0.507873
37.240121	126.774372	-0.507873
37.240124	126.774374	-0.507873
37.240128	126.774377	-0.507873
37.240133	126.774379	-0.507873
37.240137	126.774382	-0.507873
37.240141	126.774385	-0.507873
37.240145	126.774387	-0.507873
37.240149	126.774390	-0.507873
37.240153	126.774392	-0.507873
37.240157	126.774395	-0.507873
37.240161	126.774398	-0.507873
37.240165	126.774400	-0.507873
37.240169	126.774403	-0.507873
37.240173	126.774406	-0.507873
37.240177	126.774408	-0.507873
37.240181	126.774411	-0.507873
37.240185	126.774413	-0.507873
37.240189	126.774416	-0.507873
37.240193	126.774418	-0.507873
37.240197	126.774420	-0.507873
37.240201	126.774423	-0.507873
37.240205	126.774425	-0.507873
37.240209	126.774427	-0.507873
37.240213	126.774429	-0.507873
37.240217	126.774432	-0.507873
37.240222	126.774434	-0.507873
37.240226	126.774436	-0.507873
37.240230	126.774438	-0.507873
37.240234	126.774440	-0.507873
37.240239	126.774441	-0.507873
37.240243	126.774443	-0.507873
37.240247	126.774444	-0.507873
37.240252	126.774445	-0.507873
37.240256	126.774446	-0.507873
37.240261	126.774446	-0.507873
37.240265	126.774447	-0.507873
37.240270	126.774448	-0.507873
37.240274	126.774448	-0.507873
37.240279	126.774449	-0.507873
37.240283	126.774449	-0.507873
37.240288	126.774449	-0.507873
37.240292	126.774448	-0.507873
37.240297	126.774448	-0.507873
37.240301	126.774447	-0.507873
37.240305	126.774447	-0.507873
37.240310	126.774446	-0.507873
37.240314	126.774444	-0.507873
37.240319	126.774443	-0.507873
37.240323	126.774442	-0.507873
37.240327	126.774440	-0.507873
37.240332	126.774438	-0.507873
37.240336	126.774436	-0.507873
37.240340	126.774434	-0.507873
37.240344	126.774432	-0.507873
37.240348	126.774429	-0.507873
37.240352	126.774427	-0.507873
37.240356	126.774424	-0.507873
37.240360	126.774422	-0.507873
37.240364	126.774419	-0.507873
37.240368	126.774416	-0.507873
37.240372	126.774412	-0.507873
37.240375	126.774409	-0.507873
37.240378	126.774405	-0.507873
37.240382	126.774401	-0.507873
37.240385	126.774397	-0.507873
37.240388	126.774393	-0.507873
37.240391	126.774389	-0.507873
37.240394	126.774384	-0.507873
37.240396	126.774380	-0.507873
37.240399	126.774375	-0.507873
37.240401	126.774370	-0.507873
37.240404	126.774366	-0.507873
37.240406	126.774361	-0.507873
37.240408	126.774356	-0.507873
37.240411	126.774351	-0.507873
37.240413	126.774346	-0.507873
37.240415	126.774342	-0.507873
37.240418	126.774337	-0.507873
37.240420	126.774332	-0.507873
37.240422	126.774327	-0.507873
37.240424	126.774323	-0.507873
37.240426	126.774317	-0.507873
37.240428	126.774313	-0.507873
37.240430	126.774308	-0.507873
37.240433	126.774302	-0.507873
37.240435	126.774298	-0.507873
37.240437	126.774293	-0.507873
37.240439	126.774288	-0.507873
37.240441	126.774282	-0.507873
37.240443	126.774278	-0.507873
37.240446	126.774273	-0.507873
37.240448	126.774268	-0.507873
37.240450	126.774263	-0.507873
37.240452	126.774258	-0.507873
37.240454	126.774253	-0.507873
37.240456	126.774248	-0.507873
37.240458	126.774243	-0.507873
37.240461	126.774238	-0.507873
37.240463	126.774233	-0.507873
37.240465	126.774228	-0.507873
37.240467	126.774223	-0.507873
37.240469	126.774218	-0.507873
37.240471	126.774213	-0.507873
37.240474	126.774208	-0.507873
37.240476	126.774203	-0.507873
37.240478	126.774198	-0.507873
37.240480	126.774193	-0.507873
37.240482	126.774188	-0.507873
37.240484	126.774183	-0.507873
37.240487	126.774178	-0.507873
37.240489	126.774173	-0.507873
37.240491	126.774168	-0.507873
37.240493	126.774163	-0.507873
37.240495	126.774158	-0.507873
37.240497	126.774153	-0.507873
37.240499	126.774148	-0.507873
37.240502	126.774143	-0.507873
37.240504	126.774139	-0.507873
37.240506	126.774134	-0.507873
37.240508	126.774129	-0.507873
37.240510	126.774124	-0.507873
37.240512	126.774119	-0.507873
37.240514	126.774114	-0.507873
37.240516	126.774109	-0.507873
37.240518	126.774104	-0.507873
37.240521	126.774099	-0.507873
37.240523	126.774094	-0.507873
37.240524	126.774089	-0.507873
37.240526	126.774083	-0.507873
37.240527	126.774078	-0.507873
37.240528	126.774072	-0.507873
37.240529	126.774067	-0.507873
37.240529	126.774061	-0.507873
37.240530	126.774056	-0.507873
37.240530	126.774050	-0.507873
37.240531	126.774044	-0.507873
37.240531	126.774039	-0.507873
37.240531	126.774033	-0.507873
37.240530	126.774028	-0.507873
37.240530	126.774022	-0.507873
37.240529	126.774016	-0.507873
37.240528	126.774011	-0.507873
37.240527	126.774005	-0.507873
37.240526	126.774000	-0.507873
37.240525	126.773994	-0.507873
37.240524	126.773989	-0.507873
37.240522	126.773984	-0.507873
37.240521	126.773978	-0.507873
37.240519	126.773973	-0.507873
37.240517	126.773968	-0.507873
37.240514	126.773963	-0.507873
37.240512	126.773959	-0.507873
37.240510	126.773954	-0.507873
37.240507	126.773949	-0.507873
37.240504	126.773945	-0.507873
37.240501	126.773940	-0.507873
37.240498	126.773936	-0.507873
37.240495	126.773932	-0.507873
37.240492	126.773929	-0.507873
37.240488	126.773926	-0.507873
37.240484	126.773923	-0.507873
37.240480	126.773920	-0.507873
37.240476	126.773917	-0.507873
37.240472	126.773914	-0.507873
37.240469	126.773911	-0.507873
37.240465	126.773908	-0.507873
37.240461	126.773905	-0.507873
37.240457	126.773903	-0.507873
37.240453	126.773900	-0.507873
37.240449	126.773897	-0.507873
37.240445	126.773894	-0.507873
37.240441	126.773892	-0.507873
37.240437	126.773889	-0.507873
37.240433	126.773886	-0.507873
37.240429	126.773883	-0.507873
37.240426	126.773881	-0.507873
37.240421	126.773878	-0.507873
37.240418	126.773875	-0.507873
37.240414	126.773873	-0.507873
37.240410	126.773870	-0.507873
37.240406	126.773867	-0.507873
37.240402	126.773865	-0.507873
37.240398	126.773862	-0.507873
37.240394	126.773859	-0.507873
37.240390	126.773857	-0.507873
37.240386	126.773854	-0.507873
37.240382	126.773851	-0.507873
37.240378	126.773848	-0.507873
37.240374	126.773846	-0.507873
37.240370	126.773843	-0.507873
37.240366	126.773840	-0.507873
37.240362	126.773838	-0.507873
37.240358	126.773835	-0.507873
37.240354	126.773833	-0.507873
37.240350	126.773830	-0.507873
37.240346	126.773827	-0.507873
37.240342	126.773825	-0.507873
37.240338	126.773822	-0.507873
37.240334	126.773820	-0.507873
37.240330	126.773817	-0.507873
37.240326	126.773814	-0.507873
37.240322	126.773812	-0.507873
37.240318	126.773809	-0.507873
37.240315	126.773807	-0.507873
37.240311	126.773803	-0.507873
37.240307	126.773801	-0.507873
37.240303	126.773798	-0.507873
37.240299	126.773795	-0.507873
37.240295	126.773793	-0.507873
37.240291	126.773790	-0.507873
37.240287	126.773788	-0.507873
37.240283	126.773785	-0.507873
37.240279	126.773782	-0.507873
37.240275	126.773779	-0.507873
37.240271	126.773777	-0.507873
37.240267	126.773774	-0.507873
37.240263	126.773771	-0.507873
37.240259	126.773769	-0.507873
37.240255	126.773766	-0.507873
37.240251	126.773763	-0.507873
37.240247	126.773761	-0.507873
37.240243	126.773758	-0.507873
37.240239	126.773755	-0.507873
37.240235	126.773752	-0.507873
37.240231	126.773750	-0.507873
37.240227	126.773747	-0.507873
37.240223	126.773744	-0.507873
37.240219	126.773742	-0.507873
37.240215	126.773739	-0.507873
37.240211	126.773736	-0.507873
37.240207	126.773734	-0.507873
37.240203	126.773731	-0.507873
37.240199	126.773728	-0.507873
37.240195	126.773726	-0.507873
37.240191	126.773723	-0.507873
37.240187	126.773720	-0.507873
37.240183	126.773718	-0.507873
37.240179	126.773715	-0.507873
37.240175	126.773712	-0.507873
37.240171	126.773710	-0.507873
37.240167	126.773707	-0.507873
37.240164	126.773705	-0.507873
37.240159	126.773702	-0.507873
37.240155	126.773699	-0.507873
37.240151	126.773696	-0.507873
37.240147	126.773694	-0.507873
37.240143	126.773691	-0.507873
37.240140	126.773689	-0.507873
37.240136	126.773686	-0.507873
37.240132	126.773684	-0.507873
37.240128	126.773681	-0.507873
37.240124	126.773679	-0.507873
37.240120	126.773676	-0.507873
37.240116	126.773674	-0.507873
37.240112	126.773671	-0.507873
37.240108	126.773669	-0.507873
37.240104	126.773666	-0.507873
37.240099	126.773664	-0.507873
37.240095	126.773661	-0.507873
37.240091	126.773659	-0.507873
37.240087	126.773656	-0.507873
37.240083	126.773654	-0.507873
37.240079	126.773651	-0.507873
37.240075	126.773648	-0.507873
37.240071	126.773646	-0.507873
37.240067	126.773643	-0.507873
37.240063	126.773641	-0.507873
37.240059	126.773638	-0.507873
37.240055	126.773636	-0.507873
37.240051	126.773633	-0.507873
37.240047	126.773631	-0.507873
37.240043	126.773628	-0.507873
37.240039	126.773625	-0.507873
37.240035	126.773623	-0.507873
37.240031	126.773620	-0.507873
37.240027	126.773618	-0.507873
37.240023	126.773615	-0.507873
37.240019	126.773612	-0.507873
37.240015	126.773609	-0.507873
37.240011	126.773607	-0.507873
37.240007	126.773604	-0.507873
37.240003	126.773601	-0.507873
37.239999	126.773599	-0.507873
37.239995	126.773596	-0.507873
37.239991	126.773594	-0.507873
37.239987	126.773591	-0.507873
37.239983	126.773588	-0.507873
37.239979	126.773586	-0.507873
37.239975	126.773583	-0.507873
37.239971	126.773580	-0.507873
37.239968	126.773578	-0.507873
37.239964	126.773575	-0.507873
37.239960	126.773573	-0.507873
37.239956	126.773570	-0.507873
37.239952	126.773567	-0.507873
37.239948	126.773565	-0.507873
37.239944	126.773562	-0.507873
37.239940	126.773560	-0.507873
37.239936	126.773557	-0.507873
37.239931	126.773554	-0.507873
37.239927	126.773552	-0.507873
37.239923	126.773549	-0.507873
37.239920	126.773547	-0.507873
37.239916	126.773544	-0.507873
37.239912	126.773542	-0.507873
37.239908	126.773539	-0.507873
37.239904	126.773536	-0.507873
37.239900	126.773534	-0.507873
37.239896	126.773531	-0.507873
37.239892	126.773528	-0.507873
37.239888	126.773526	-0.507873
37.239884	126.773523	-0.507873
37.239880	126.773520	-0.507873
37.239876	126.773518	-0.507873
37.239872	126.773515	-0.507873
37.239868	126.773512	-0.507873
37.239864	126.773510	-0.507873
37.239860	126.773507	-0.507873
37.239856	126.773505	-0.507873
37.239852	126.773502	-0.507873
37.239848	126.773499	-0.507873
37.239844	126.773497	-0.507873
37.239840	126.773494	-0.507873
37.239836	126.773491	-0.507873
37.239832	126.773489	-0.507873
37.239828	126.773486	-0.507873
37.239824	126.773483	-0.507873
37.239820	126.773480	-0.507873
37.239817	126.773479	-0.507873
37.239812	126.773476	-0.507873
37.239809	126.773473	-0.507873
37.239805	126.773471	-0.507873
37.239800	126.773468	-0.507873
37.239796	126.773465	-0.507873
37.239792	126.773463	-0.507873
37.239789	126.773460	-0.507873
37.239784	126.773458	-0.507873
37.239780	126.773455	-0.507873
37.239776	126.773452	-0.507873
37.239772	126.773450	-0.507873
37.239768	126.773447	-0.507873
37.239764	126.773444	-0.507873
37.239760	126.773442	-0.507873
37.239756	126.773439	-0.507873
37.239752	126.773437	-0.507873
37.239748	126.773434	-0.507873
37.239744	126.773431	-0.507873
37.239740	126.773429	-0.507873
37.239736	126.773426	-0.507873
37.239732	126.773423	-0.507873
37.239728	126.773421	-0.507873
37.239724	126.773418	-0.507873
37.239720	126.773416	-0.507873
37.239716	126.773413	-0.507873
37.239712	126.773410	-0.507873
37.239708	126.773408	-0.507873
37.239704	126.773405	-0.507873
37.239700	126.773403	-0.507873
37.239696	126.773400	-0.507873
37.239692	126.773397	-0.507873
37.239688	126.773395	-0.507873
37.239684	126.773392	-0.507873
37.239680	126.773389	-0.507873
37.239676	126.773387	-0.507873
37.239672	126.773384	-0.507873
37.239668	126.773381	-0.507873
37.239664	126.773379	-0.507873
37.239659	126.773376	-0.507873
37.239657	126.773374	-0.507873
37.239652	126.773372	-0.507873
37.239648	126.773369	-0.507873
37.239644	126.773366	-0.507873
37.239640	126.773364	-0.507873
37.239636	126.773361	-0.507873
37.239632	126.773358	-0.507873
37.239628	126.773356	-0.507873
37.239624	126.773353	-0.507873
37.239620	126.773350	-0.507873
37.239616	126.773348	-0.507873
37.239612	126.773345	-0.507873
37.239608	126.773343	-0.507873
37.239604	126.773340	-0.507873
37.239600	126.773337	-0.507873
37.239596	126.773335	-0.507873
37.239592	126.773332	-0.507873
37.239588	126.773329	-0.507873
37.239584	126.773327	-0.507873
37.239580	126.773324	-0.507873
37.239576	126.773321	-0.507873
37.239573	126.773320	-0.507873
37.239569	126.773317	-0.507873
37.239565	126.773314	-0.507873
37.239561	126.773312	-0.507873
37.239557	126.773309	-0.507873
37.239553	126.773306	-0.507873
37.239549	126.773303	-0.507873
37.239545	126.773301	-0.507873
37.239541	126.773298	-0.507873
37.239537	126.773295	-0.507873
37.239533	126.773293	-0.507873
37.239529	126.773290	-0.507873
37.239525	126.773288	-0.507873
37.239521	126.773285	-0.507873
37.239517	126.773282	-0.507873
37.239513	126.773279	-0.507873
37.239509	126.773277	-0.507873
37.239505	126.773274	-0.507873
37.239501	126.773272	-0.507873
37.239497	126.773269	-0.507873
37.239493	126.773266	-0.507873
37.239489	126.773264	-0.507873
37.239485	126.773261	-0.507873
37.239481	126.773258	-0.507873
37.239477	126.773256	-0.507873
37.239473	126.773253	-0.507873
37.239469	126.773250	-0.507873
37.239465	126.773248	-0.507873
37.239461	126.773245	-0.507873
37.239457	126.773242	-0.507873
37.239453	126.773240	-0.507873
37.239449	126.773237	-0.507873
37.239445	126.773234	-0.507873
37.239441	126.773232	-0.507873
37.239437	126.773229	-0.507873
37.239433	126.773226	-0.507873
37.239429	126.773224	-0.507873
37.239425	126.773221	-0.507873
37.239421	126.773218	-0.507873
37.239417	126.773216	-0.507873
37.239413	126.773213	-0.507873
37.239409	126.773210	-0.507873
37.239405	126.773207	-0.507873
37.239401	126.773205	-0.507873
37.239397	126.773202	-0.507873
37.239393	126.773200	-0.507873
37.239390	126.773198	-0.507873
37.239386	126.773195	-0.507873
37.239382	126.773192	-0.507873
37.239378	126.773189	-0.507873
37.239374	126.773187	-0.507873
37.239370	126.773184	-0.507873
37.239366	126.773182	-0.507873
37.239362	126.773179	-0.507873
37.239358	126.773176	-0.507873
37.239354	126.773174	-0.507873
37.239350	126.773171	-0.507873
37.239346	126.773168	-0.507873
37.239342	126.773166	-0.507873
37.239338	126.773163	-0.507873
37.239334	126.773160	-0.507873
37.239330	126.773158	-0.507873
37.239326	126.773155	-0.507873
37.239322	126.773152	-0.507873
37.239318	126.773150	-0.507873
37.239314	126.773147	-0.507873
37.239310	126.773145	-0.507873
37.239305	126.773142	-0.507873
37.239302	126.773140	-0.507873
37.239298	126.773137	-0.507873
37.239294	126.773135	-0.507873
37.239291	126.773132	-0.507873
37.239286	126.773129	-0.507873
37.239282	126.773127	-0.507873
37.239278	126.773124	-0.507873
37.239274	126.773122	-0.507873
37.239270	126.773119	-0.507873
37.239266	126.773116	-0.507873
37.239262	126.773114	-0.507873
37.239258	126.773111	-0.507873
37.239254	126.773109	-0.507873
37.239250	126.773106	-0.507873
37.239246	126.773104	-0.507873
37.239242	126.773101	-0.507873
37.239238	126.773098	-0.507873
37.239234	126.773096	-0.507873
37.239230	126.773093	-0.507873
37.239226	126.773091	-0.507873
37.239222	126.773088	-0.507873
37.239218	126.773085	-0.507873
37.239214	126.773083	-0.507873
37.239210	126.773080	-0.507873
37.239206	126.773078	-0.507873
37.239202	126.773075	-0.507873
37.239198	126.773072	-0.507873
37.239194	126.773070	-0.507873
37.239189	126.773067	-0.507873
37.239185	126.773065	-0.507873
37.239181	126.773062	-0.507873
37.239177	126.773060	-0.507873
37.239174	126.773057	-0.507873
37.239169	126.773054	-0.507873
37.239165	126.773052	-0.507873
37.239161	126.773049	-0.507873
37.239157	126.773047	-0.507873
37.239153	126.773044	-0.507873
37.239149	126.773041	-0.507873
37.239145	126.773039	-0.507873
37.239142	126.773036	-0.507873
37.239137	126.773033	-0.507873
37.239134	126.773032	-0.507873
37.239131	126.773029	-0.507873
37.239126	126.773026	-0.507873
37.239122	126.773024	-0.507873
37.239119	126.773021	-0.507873
37.239115	126.773019	-0.507873
37.239110	126.773015	-0.507873
37.239106	126.773013	-0.507873
37.239102	126.773010	-0.507873
37.239099	126.773008	-0.507873
37.239095	126.773005	-0.507873
37.239091	126.773002	-0.507873
37.239086	126.772999	-0.507873
37.239082	126.772996	-0.507873
37.239078	126.772994	-0.507873
37.239075	126.772991	-0.507873
37.239071	126.772989	-0.507873
37.239067	126.772986	-0.507873
37.239063	126.772983	-0.507873
37.239059	126.772980	-0.507873
37.239054	126.772978	-0.507873
37.239050	126.772975	-0.507873
37.239047	126.772972	-0.507873
37.239043	126.772970	-0.507873
37.239039	126.772967	-0.507873
37.239035	126.772964	-0.507873
37.239031	126.772961	-0.507873
37.239027	126.772959	-0.507873
37.239023	126.772956	-0.507873
37.239019	126.772953	-0.507873
37.239015	126.772951	-0.507873
37.239011	126.772948	-0.507873
37.239007	126.772945	-0.507873
37.239003	126.772942	-0.507873
37.238999	126.772940	-0.507873
37.238995	126.772937	-0.507873
37.238991	126.772934	-0.507873
37.238987	126.772932	-0.507873
37.238983	126.772929	-0.507873
37.238979	126.772926	-0.507873
37.238975	126.772923	-0.507873
37.238971	126.772921	-0.507873
37.238967	126.772918	-0.507873
37.238963	126.772915	-0.507873
37.238959	126.772913	-0.507873
37.238955	126.772910	-0.507873
37.238951	126.772907	-0.507873
37.238947	126.772904	-0.507873
37.238943	126.772902	-0.507873
37.238939	126.772899	-0.507873
37.238936	126.772897	-0.507873
37.238931	126.772893	-0.507873
37.238927	126.772891	-0.507873
37.238923	126.772888	-0.507873
37.238920	126.772886	-0.507873
37.238915	126.772882	-0.507873
