[95410.8, 'A', 3714.4403, 12646.4465, 44.99999973944896]
[95410.9, 'A', 3714.4403, 12646.4466, 44.99999973944896]
[95411.0, 'A', 3714.4404, 12646.4466, 44.99999973944896]
[95411.1, 'A', 3714.4405, 12646.4466, 44.99999973944896]
[95411.2, 'A', 3714.4405, 12646.4467, 44.99999973944896]
[95411.3, 'A', 3714.4406, 12646.4467, 44.99999973944896]
[95411.4, 'A', 3714.4407, 12646.4468, 44.99999973944896]
[95411.5, 'A', 3714.4408, 12646.4469, 45.00000039082656]
[95411.6, 'A', 3714.4408, 12646.4469, 45.00000039082656]
[95411.7, 'A', 3714.4409, 12646.447, 44.99999973944896]
[95411.8, 'A', 3714.441, 12646.447, 44.99999973944896]
[95411.9, 'A', 3714.4411, 12646.4471, 44.99999973944896]
[95412.0, 'A', 3714.4412, 12646.4472, 45.000000260551026]
[95412.1, 'A', 3714.4413, 12646.4472, 45.000000260551026]
[95412.2, 'A', 3714.4414, 12646.4473, 44.99999973944896]
[95412.4, 'A', 3714.4416, 12646.4474, 26.56505102074737]
[95412.5, 'A', 3714.4418, 12646.4475, 26.56505143762903]
[95412.6, 'A', 3714.4419, 12646.4476, 44.999999869724476]
[95412.7, 'A', 3714.442, 12646.4477, 45.000000260551026]
[95412.7, 'A', 3714.442, 12646.4477, 45.000000260551026]
[95412.8, 'A', 3714.4421, 12646.4478, 44.99999973944896]
[95412.9, 'A', 3714.4423, 12646.4479, 26.56505102074737]
[95413.0, 'A', 3714.4424, 12646.448, 45.00000039082656]
[95413.1, 'A', 3714.4426, 12646.448, 45.00000039082656]
[95413.2, 'A', 3714.4427, 12646.4481, 44.99999973944896]
[95413.3, 'A', 3714.4429, 12646.4482, 26.56505143762903]
[95413.5, 'A', 3714.4431, 12646.4484, 44.999999869724476]
[95413.6, 'A', 3714.4433, 12646.4485, 26.56505143762903]
[95413.7, 'A', 3714.4434, 12646.4486, 44.99999973944896]
[95413.8, 'A', 3714.4435, 12646.4487, 45.00000039082656]
[95413.9, 'A', 3714.4437, 12646.4488, 26.56505102074737]
[95414.0, 'A', 3714.4439, 12646.4489, 26.56505096863716]
[95414.0, 'A', 3714.4439, 12646.4489, 26.56505096863716]
[95414.2, 'A', 3714.4442, 12646.4491, 44.999999869724476]
[95414.3, 'A', 3714.4444, 12646.4493, 45.00000006513776]
[95414.4, 'A', 3714.4445, 12646.4494, 44.99999973944896]
[95414.5, 'A', 3714.4447, 12646.4495, 26.56505143762903]
[95414.6, 'A', 3714.4449, 12646.4496, 26.56505102074737]
[95414.7, 'A', 3714.4451, 12646.4497, 26.56505102074737]
[95414.8, 'A', 3714.4453, 12646.4498, 26.56505143762903]
[95414.9, 'A', 3714.4454, 12646.4499, 44.99999973944896]
[95415.0, 'A', 3714.4457, 12646.4501, 33.690067566064556]
[95415.1, 'A', 3714.4458, 12646.4502, 44.999999869724476]
[95415.2, 'A', 3714.446, 12646.4503, 26.56505143762903]
[95415.3, 'A', 3714.4462, 12646.4504, 26.56505102074737]
[95415.4, 'A', 3714.4464, 12646.4506, 45.00000006513776]
[95415.5, 'A', 3714.4466, 12646.4507, 26.56505096863716]
[95415.6, 'A', 3714.4468, 12646.4508, 26.56505143762903]
[95415.7, 'A', 3714.447, 12646.4509, 26.56505102074737]
[95415.8, 'A', 3714.4472, 12646.4511, 45.00000006513776]
[95415.9, 'A', 3714.4475, 12646.4512, 18.434948692646486]
[95416.0, 'A', 3714.4476, 12646.4513, 45.00000039082656]
[95416.1, 'A', 3714.4479, 12646.4515, 33.69006732555591]
[95416.2, 'A', 3714.4481, 12646.4516, 26.56505143762903]
[95416.3, 'A', 3714.4483, 12646.4517, 26.56505102074737]
[95416.4, 'A', 3714.4486, 12646.4519, 33.690067566064556]
[95416.5, 'A', 3714.4488, 12646.452, 26.56505102074737]
[95416.6, 'A', 3714.449, 12646.4521, 26.56505143762903]
[95416.7, 'A', 3714.4492, 12646.4523, 45.00000006513776]
[95416.8, 'A', 3714.4494, 12646.4524, 26.56505102074737]
[95416.9, 'A', 3714.4496, 12646.4525, 26.56505102074737]
[95417.0, 'A', 3714.4499, 12646.4527, 33.690067566064556]
[95417.1, 'A', 3714.4501, 12646.4528, 26.56505102074737]
[95417.2, 'A', 3714.4504, 12646.453, 33.690067566064556]
[95417.3, 'A', 3714.4506, 12646.4531, 26.56505143762903]
[95417.4, 'A', 3714.4508, 12646.4532, 26.56505102074737]
[95417.5, 'A', 3714.4511, 12646.4534, 33.690067566064556]
[95417.6, 'A', 3714.4513, 12646.4535, 26.56505102074737]
[95417.8, 'A', 3714.4516, 12646.4537, 33.69006760614934]
[95417.8, 'A', 3714.4518, 12646.4538, 26.56505102074737]
[95417.9, 'A', 3714.4521, 12646.4539, 18.43494900530773]
[95418.0, 'A', 3714.4523, 12646.4541, 45.00000006513776]
[95418.1, 'A', 3714.4526, 12646.4543, 33.69006732555591]
[95418.2, 'A', 3714.4528, 12646.4544, 26.56505143762903]
[95418.3, 'A', 3714.4531, 12646.4545, 18.434948692646486]
[95418.4, 'A', 3714.4533, 12646.4547, 45.00000006513776]
[95418.5, 'A', 3714.4536, 12646.4549, 33.69006760614934]
[95418.6, 'A', 3714.4538, 12646.455, 26.56505102074737]
[95418.7, 'A', 3714.4541, 12646.4552, 33.690067566064556]
[95418.8, 'A', 3714.4543, 12646.4553, 26.56505102074737]
[95418.9, 'A', 3714.4546, 12646.4555, 33.690067566064556]
[95419.0, 'A', 3714.4549, 12646.4556, 18.434948692646486]
[95419.1, 'A', 3714.4551, 12646.4558, 45.00000006513776]
[95419.2, 'A', 3714.4554, 12646.456, 33.69006760614934]
[95419.3, 'A', 3714.4556, 12646.4561, 26.56505102074737]
[95419.4, 'A', 3714.4559, 12646.4563, 33.690067566064556]
[95419.5, 'A', 3714.4562, 12646.4564, 18.434948692646486]
[95419.6, 'A', 3714.4565, 12646.4566, 33.69006760614934]
[95419.7, 'A', 3714.4567, 12646.4568, 45.0]
[95419.8, 'A', 3714.4569, 12646.4569, 26.56505102074737]
[95419.9, 'A', 3714.4573, 12646.4571, 26.5650512291882]
[95420.0, 'A', 3714.4575, 12646.4573, 45.00000006513776]
[95420.1, 'A', 3714.4578, 12646.4574, 18.434948692646486]
[95420.2, 'A', 3714.4581, 12646.4576, 33.69006760614934]
[95420.3, 'A', 3714.4584, 12646.4578, 33.690067566064556]
[95420.4, 'A', 3714.4586, 12646.4579, 26.56505102074737]
[95420.5, 'A', 3714.459, 12646.4581, 26.5650512291882]
[95420.6, 'A', 3714.4592, 12646.4583, 45.00000006513776]
[95420.7, 'A', 3714.4595, 12646.4584, 18.434948692646486]
[95420.8, 'A', 3714.4597, 12646.4586, 45.00000006513776]
[95420.9, 'A', 3714.4601, 12646.4588, 26.5650512291882]
[95421.0, 'A', 3714.4604, 12646.4589, 18.434948692646486]
[95421.1, 'A', 3714.4606, 12646.4591, 45.00000006513776]
[95421.2, 'A', 3714.461, 12646.4593, 26.5650512291882]
[95421.3, 'A', 3714.4613, 12646.4594, 18.434948692646486]
[95421.4, 'A', 3714.4615, 12646.4596, 45.00000006513776]
[95421.5, 'A', 3714.4619, 12646.4597, 14.036243375967288]
[95421.6, 'A', 3714.4622, 12646.4599, 33.690067566064556]
[95421.7, 'A', 3714.4625, 12646.46, 18.434948692646486]
[95421.8, 'A', 3714.4628, 12646.4602, 33.69006760614934]
[95421.9, 'A', 3714.4631, 12646.4603, 18.43494900530773]
[95422.0, 'A', 3714.4634, 12646.4605, 33.69006732555591]
[95422.1, 'A', 3714.4638, 12646.4606, 14.036243621191787]
[95422.2, 'A', 3714.464, 12646.4608, 45.00000006513776]
[95422.3, 'A', 3714.4643, 12646.4609, 18.434948692646486]
[95422.4, 'A', 3714.4647, 12646.4611, 26.5650512291882]
[95422.5, 'A', 3714.465, 12646.4612, 18.434948692646486]
[95422.6, 'A', 3714.4653, 12646.4614, 33.69006760614934]
[95422.7, 'A', 3714.4657, 12646.4615, 14.036243360640754]
[95422.9, 'A', 3714.4663, 12646.4618, 18.434948692646486]
[95422.9, 'A', 3714.4663, 12646.4618, 18.434948692646486]
[95423.0, 'A', 3714.4666, 12646.462, 33.690067566064556]
[95423.2, 'A', 3714.4672, 12646.4623, 33.69006732555591]
[95423.3, 'A', 3714.4675, 12646.4624, 18.43494900530773]
[95423.3, 'A', 3714.4675, 12646.4624, 18.43494900530773]
[95423.5, 'A', 3714.4682, 12646.4628, 33.69006736564069]
[95423.5, 'A', 3714.4682, 12646.4628, 33.69006736564069]
[95423.7, 'A', 3714.4689, 12646.4631, 33.69006760614934]
[95423.8, 'A', 3714.4692, 12646.4632, 18.434948692646486]
[95423.9, 'A', 3714.4696, 12646.4634, 26.5650512291882]
[95424.0, 'A', 3714.4699, 12646.4635, 18.434948692646486]
[95424.1, 'A', 3714.4703, 12646.4637, 26.5650512291882]
[95424.2, 'A', 3714.4705, 12646.4638, 26.56505102074737]
[95424.2, 'A', 3714.4705, 12646.4638, 26.56505102074737]
[95424.4, 'A', 3714.4713, 12646.4641, 14.036243360640754]
[95424.5, 'A', 3714.4716, 12646.4642, 18.434949031362834]
[95424.6, 'A', 3714.4719, 12646.4644, 33.690067566064556]
[95424.7, 'A', 3714.4723, 12646.4646, 26.56505102074737]
[95424.8, 'A', 3714.4726, 12646.4647, 18.43494900530773]
[95424.9, 'A', 3714.4729, 12646.4648, 18.434948692646486]
[95425.0, 'A', 3714.4733, 12646.465, 26.5650512291882]
[95425.1, 'A', 3714.4737, 12646.4651, 14.036243375967288]
[95425.2, 'A', 3714.474, 12646.4653, 33.690067566064556]
[95425.3, 'A', 3714.4743, 12646.4654, 18.43494871870159]
[95425.4, 'A', 3714.4747, 12646.4656, 26.565051203133095]
[95425.5, 'A', 3714.475, 12646.4657, 18.434949031362834]
[95425.6, 'A', 3714.4754, 12646.4658, 14.036243375967288]
[95425.7, 'A', 3714.4758, 12646.466, 26.565051203133095]
[95425.8, 'A', 3714.4761, 12646.4661, 18.43494871870159]
[95425.9, 'A', 3714.4764, 12646.4662, 18.43494900530773]
[95426.0, 'A', 3714.4768, 12646.4663, 14.036243375967288]
[95426.1, 'A', 3714.4772, 12646.4664, 14.036243375967288]
[95426.2, 'A', 3714.4776, 12646.4665, 14.036243605865252]
[95426.3, 'A', 3714.4779, 12646.4666, 18.43494871870159]
[95426.4, 'A', 3714.4782, 12646.4667, 18.43494900530773]
[95426.5, 'A', 3714.4787, 12646.4668, 11.309932393850659]
[95426.6, 'A', 3714.479, 12646.4669, 18.43494871870159]
[95426.7, 'A', 3714.4793, 12646.4671, 33.690067566064556]
[95426.8, 'A', 3714.4798, 12646.4672, 11.309932393850659]
[95426.9, 'A', 3714.4801, 12646.4673, 18.43494900530773]
[95427.0, 'A', 3714.4804, 12646.4674, 18.43494871870159]
[95427.1, 'A', 3714.4809, 12646.4675, 11.309932594274542]
[95427.2, 'A', 3714.4812, 12646.4676, 18.434948692646486]
[95427.3, 'A', 3714.4815, 12646.4677, 18.43494871870159]
[95427.4, 'A', 3714.482, 12646.4677, 18.43494871870159]
[95427.5, 'A', 3714.4823, 12646.4678, 18.43494900530773]
[95427.6, 'A', 3714.4827, 12646.4679, 14.036243375967288]
[95427.7, 'A', 3714.4831, 12646.468, 14.036243621191787]
[95427.8, 'A', 3714.4835, 12646.468, 14.036243621191787]
[95427.9, 'A', 3714.4838, 12646.4681, 18.434948692646486]
[95428.0, 'A', 3714.4842, 12646.4682, 14.036243375967288]
[95428.1, 'A', 3714.4846, 12646.4682, 14.036243375967288]
[95428.2, 'A', 3714.4849, 12646.4683, 18.43494900530773]
[95428.3, 'A', 3714.4854, 12646.4683, 18.43494900530773]
[95428.4, 'A', 3714.4858, 12646.4683, 18.43494900530773]
[95428.5, 'A', 3714.4861, 12646.4684, 18.434948692646486]
[95428.6, 'A', 3714.4865, 12646.4684, 18.434948692646486]
[95428.7, 'A', 3714.4869, 12646.4684, 18.434948692646486]
[95428.8, 'A', 3714.4873, 12646.4685, 14.036243621191787]
[95428.9, 'A', 3714.4877, 12646.4685, 14.036243621191787]
[95429.1, 'A', 3714.4881, 12646.4685, 14.036243621191787]
[95429.1, 'A', 3714.4885, 12646.4685, 14.036243621191787]
[95429.2, 'A', 3714.4889, 12646.4685, 14.036243621191787]
[95429.4, 'A', 3714.4893, 12646.4685, 14.036243621191787]
[95429.5, 'A', 3714.4897, 12646.4685, 14.036243621191787]
[95429.5, 'A', 3714.49, 12646.4685, 14.036243621191787]
[95429.6, 'A', 3714.4904, 12646.4685, 14.036243621191787]
[95429.7, 'A', 3714.4908, 12646.4685, 14.036243621191787]
[95429.9, 'A', 3714.4912, 12646.4685, 14.036243621191787]
[95429.9, 'A', 3714.4915, 12646.4685, 14.036243621191787]
[95430.0, 'A', 3714.4918, 12646.4685, 14.036243621191787]
[95430.1, 'A', 3714.492, 12646.4685, 14.036243621191787]
[95430.2, 'A', 3714.4922, 12646.4685, 14.036243621191787]
[95430.3, 'A', 3714.4923, 12646.4685, 14.036243621191787]
[95430.4, 'A', 3714.4925, 12646.4685, 14.036243621191787]
[95430.5, 'A', 3714.4925, 12646.4685, 14.036243621191787]
[95430.7, 'A', 3714.4926, 12646.4685, 14.036243621191787]
[95430.8, 'A', 3714.4926, 12646.4685, 14.036243621191787]
[95430.9, 'A', 3714.4926, 12646.4685, 14.036243621191787]
[95431.0, 'A', 3714.4926, 12646.4685, 14.036243621191787]
[95431.1, 'A', 3714.4926, 12646.4685, 14.036243621191787]
[95431.2, 'A', 3714.4926, 12646.4685, 14.036243621191787]
[95431.2, 'A', 3714.4926, 12646.4685, 14.036243621191787]
[95431.4, 'A', 3714.4926, 12646.4685, 14.036243621191787]
[95431.4, 'A', 3714.4926, 12646.4685, 14.036243621191787]
[95431.6, 'A', 3714.4926, 12646.4685, 14.036243621191787]
[95431.7, 'A', 3714.4926, 12646.4685, 14.036243621191787]
[95431.8, 'A', 3714.4926, 12646.4685, 14.036243621191787]
[95431.9, 'A', 3714.4926, 12646.4685, 14.036243621191787]
