[100553.3, 'A', 3714.4406, 12646.4468, 45]
[100553.4, 'A', 3714.4406, 12646.4469, 45]
[100553.5, 'A', 3714.4407, 12646.4469, 45]
[100553.6, 'A', 3714.4408, 12646.447, 44.999999869724476]
[100553.7, 'A', 3714.4408, 12646.447, 44.999999869724476]
[100553.8, 'A', 3714.4409, 12646.4471, 44.99999973944896]
[100553.9, 'A', 3714.441, 12646.4472, 45.00000039082656]
[100554.0, 'A', 3714.4411, 12646.4472, 45.00000039082656]
[100554.1, 'A', 3714.4412, 12646.4473, 44.99999973944896]
[100554.2, 'A', 3714.4413, 12646.4474, 44.999999869724476]
[100554.3, 'A', 3714.4414, 12646.4475, 45.000000260551026]
[100554.4, 'A', 3714.4415, 12646.4476, 44.999999869724476]
[100554.5, 'A', 3714.4416, 12646.4476, 44.999999869724476]
[100554.6, 'A', 3714.4417, 12646.4477, 45.00000039082656]
[100554.7, 'A', 3714.4418, 12646.4478, 44.99999973944896]
[100554.8, 'A', 3714.4419, 12646.4479, 44.999999869724476]
[100554.9, 'A', 3714.442, 12646.448, 45.000000260551026]
[100555.0, 'A', 3714.4421, 12646.4481, 44.99999973944896]
[100555.1, 'A', 3714.4422, 12646.4482, 45.00000039082656]
[100555.2, 'A', 3714.4424, 12646.4483, 26.56505102074737]
[100555.3, 'A', 3714.4425, 12646.4484, 44.99999973944896]
[100555.4, 'A', 3714.4426, 12646.4485, 45.00000039082656]
[100555.5, 'A', 3714.4427, 12646.4486, 44.99999973944896]
[100555.6, 'A', 3714.4429, 12646.4488, 45.00000006513776]
[100555.7, 'A', 3714.443, 12646.4489, 44.99999973944896]
[100555.8, 'A', 3714.4431, 12646.449, 45.00000039082656]
[100555.9, 'A', 3714.4433, 12646.4491, 26.56505102074737]
[100556.0, 'A', 3714.4434, 12646.4493, 63.43494882292201]
[100556.1, 'A', 3714.4435, 12646.4494, 44.999999869724476]
[100556.2, 'A', 3714.4437, 12646.4495, 26.56505143762903]
[100556.3, 'A', 3714.4438, 12646.4496, 44.99999973944896]
[100556.4, 'A', 3714.444, 12646.4498, 45.00000006513776]
[100556.5, 'A', 3714.4441, 12646.4499, 44.99999973944896]
[100556.6, 'A', 3714.4443, 12646.4501, 45.00000006513776]
[100556.7, 'A', 3714.4444, 12646.4502, 44.999999869724476]
[100556.8, 'A', 3714.4446, 12646.4504, 45.00000006513776]
[100556.9, 'A', 3714.4448, 12646.4506, 45.0]
[100557.1, 'A', 3714.4451, 12646.4509, 45.00000006513776]
[100557.2, 'A', 3714.4452, 12646.451, 44.99999973944896]
[100557.2, 'A', 3714.4452, 12646.451, 44.99999973944896]
[100557.3, 'A', 3714.4454, 12646.4512, 45.00000006513776]
[100557.4, 'A', 3714.4456, 12646.4514, 45.00000006513776]
[100557.5, 'A', 3714.4458, 12646.4516, 45.00000006513776]
[100557.7, 'A', 3714.4461, 12646.4519, 45.00000006513776]
[100557.8, 'A', 3714.4463, 12646.4521, 45.00000006513776]
[100557.9, 'A', 3714.4464, 12646.4522, 44.999999869724476]
[100557.9, 'A', 3714.4464, 12646.4522, 44.999999869724476]
[100558.0, 'A', 3714.4466, 12646.4524, 45.0]
[100558.1, 'A', 3714.4468, 12646.4526, 45.00000006513776]
[100558.3, 'A', 3714.4472, 12646.4529, 26.56505143762903]
[100558.4, 'A', 3714.4474, 12646.4531, 45.00000006513776]
[100558.5, 'A', 3714.4476, 12646.4533, 44.99999980458672]
[100558.5, 'A', 3714.4476, 12646.4533, 44.99999980458672]
[100558.7, 'A', 3714.4479, 12646.4537, 63.43494882292201]
[100558.8, 'A', 3714.4481, 12646.4539, 45.00000006513776]
[100558.9, 'A', 3714.4484, 12646.4541, 33.690067566064556]
[100559.0, 'A', 3714.4485, 12646.4542, 44.999999869724476]
[100559.1, 'A', 3714.4488, 12646.4544, 33.690067566064556]
[100559.2, 'A', 3714.449, 12646.4546, 44.99999980458672]
[100559.3, 'A', 3714.4492, 12646.4548, 45.00000006513776]
[100559.4, 'A', 3714.4494, 12646.455, 45.00000006513776]
[100559.5, 'A', 3714.4496, 12646.4551, 26.56505102074737]
[100559.6, 'A', 3714.4499, 12646.4553, 33.690067566064556]
[100559.7, 'A', 3714.45, 12646.4555, 63.43494892714243]
[100559.8, 'A', 3714.4503, 12646.4557, 33.690067566064556]
[100559.9, 'A', 3714.4505, 12646.4558, 26.56505102074737]
[100600.0, 'A', 3714.4508, 12646.456, 33.690067566064556]
[100600.1, 'A', 3714.451, 12646.4562, 45.00000006513776]
[100600.2, 'A', 3714.4512, 12646.4563, 26.56505102074737]
[100600.3, 'A', 3714.4515, 12646.4565, 33.690067566064556]
[100600.4, 'A', 3714.4518, 12646.4567, 33.69006760614934]
[100600.5, 'A', 3714.452, 12646.4569, 44.99999973944896]
[100600.6, 'A', 3714.4522, 12646.4571, 45.00000006513776]
[100600.7, 'A', 3714.4525, 12646.4573, 33.69006760614934]
[100600.8, 'A', 3714.4527, 12646.4574, 26.56505102074737]
[100600.9, 'A', 3714.4529, 12646.4576, 45.0]
[100601.0, 'A', 3714.4532, 12646.4578, 33.69006760614934]
[100601.1, 'A', 3714.4535, 12646.458, 33.690067566064556]
[100601.2, 'A', 3714.4537, 12646.4581, 26.56505102074737]
[100601.3, 'A', 3714.454, 12646.4583, 33.690067566064556]
[100601.4, 'A', 3714.4542, 12646.4585, 45.00000006513776]
[100601.5, 'A', 3714.4544, 12646.4587, 44.99999980458672]
[100601.6, 'A', 3714.4547, 12646.4589, 33.69006760614934]
[100601.7, 'A', 3714.455, 12646.459, 18.43494900530773]
[100601.8, 'A', 3714.4552, 12646.4592, 44.99999980458672]
[100601.9, 'A', 3714.4555, 12646.4594, 33.690067566064556]
[100602.0, 'A', 3714.4558, 12646.4595, 18.43494900530773]
[100602.1, 'A', 3714.456, 12646.4597, 44.99999980458672]
[100602.2, 'A', 3714.4564, 12646.4598, 14.036243621191787]
[100602.3, 'A', 3714.4566, 12646.46, 44.99999980458672]
[100602.4, 'A', 3714.4569, 12646.4601, 18.43494900530773]
[100602.5, 'A', 3714.4572, 12646.4603, 33.69006760614934]
[100602.6, 'A', 3714.4575, 12646.4604, 18.434948692646486]
[100602.7, 'A', 3714.4578, 12646.4605, 18.434948692646486]
[100602.8, 'A', 3714.4581, 12646.4607, 33.69006760614934]
[100602.9, 'A', 3714.4584, 12646.4608, 18.43494900530773]
[100603.0, 'A', 3714.4586, 12646.461, 44.99999980458672]
[100603.1, 'A', 3714.459, 12646.4611, 14.036243621191787]
[100603.2, 'A', 3714.4593, 12646.4612, 18.434948692646486]
[100603.3, 'A', 3714.4595, 12646.4613, 26.56505143762903]
[100603.4, 'A', 3714.4599, 12646.4615, 26.56505102074737]
[100603.5, 'A', 3714.4602, 12646.4616, 18.43494900530773]
[100603.6, 'A', 3714.4605, 12646.4617, 18.434948692646486]
[100603.7, 'A', 3714.4608, 12646.4619, 33.69006760614934]
[100603.8, 'A', 3714.4611, 12646.462, 18.434948692646486]
[100603.9, 'A', 3714.4615, 12646.4622, 26.5650512291882]
[100604.0, 'A', 3714.4617, 12646.4623, 26.56505102074737]
[100604.1, 'A', 3714.462, 12646.4624, 18.43494900530773]
[100604.2, 'A', 3714.4624, 12646.4626, 26.5650512291882]
[100604.3, 'A', 3714.4627, 12646.4627, 18.434948692646486]
[100604.4, 'A', 3714.463, 12646.4629, 33.690067566064556]
[100604.5, 'A', 3714.4633, 12646.463, 18.43494871870159]
[100604.6, 'A', 3714.4636, 12646.4632, 33.690067566064556]
[100604.7, 'A', 3714.4639, 12646.4633, 18.434948692646486]
[100604.8, 'A', 3714.4643, 12646.4635, 26.5650512291882]
[100604.9, 'A', 3714.4646, 12646.4636, 18.43494871870159]
[100605.0, 'A', 3714.4649, 12646.4637, 18.43494900530773]
[100605.1, 'A', 3714.4652, 12646.4639, 33.690067566064556]
[100605.2, 'A', 3714.4655, 12646.464, 18.43494871870159]
[100605.3, 'A', 3714.4659, 12646.4642, 26.565051203133095]
[100605.4, 'A', 3714.4662, 12646.4643, 18.43494871870159]
[100605.5, 'A', 3714.4666, 12646.4645, 26.565051203133095]
[100605.6, 'A', 3714.4669, 12646.4646, 18.43494871870159]
[100605.7, 'A', 3714.4671, 12646.4647, 26.56505143762903]
[100605.8, 'A', 3714.4675, 12646.4649, 26.565051203133095]
[100605.9, 'A', 3714.4678, 12646.465, 18.43494871870159]
[100606.0, 'A', 3714.4682, 12646.4652, 26.5650512291882]
[100606.1, 'A', 3714.4685, 12646.4654, 33.69006732555591]
[100606.2, 'A', 3714.4689, 12646.4656, 26.5650512291882]
[100606.3, 'A', 3714.4692, 12646.4657, 18.43494900530773]
[100606.4, 'A', 3714.4695, 12646.4658, 18.434948692646486]
[100606.5, 'A', 3714.4699, 12646.466, 26.5650512291882]
[100606.6, 'A', 3714.4702, 12646.4662, 33.690067566064556]
[100606.7, 'A', 3714.4706, 12646.4663, 14.036243375967288]
[100606.8, 'A', 3714.4708, 12646.4665, 45.00000006513776]
[100606.9, 'A', 3714.4712, 12646.4666, 14.036243375967288]
[100607.0, 'A', 3714.4715, 12646.4668, 33.690067566064556]
[100607.1, 'A', 3714.4718, 12646.4669, 18.43494871870159]
[100607.2, 'A', 3714.4722, 12646.4671, 26.565051203133095]
[100607.4, 'A', 3714.4729, 12646.4674, 33.690067566064556]
[100607.4, 'A', 3714.4729, 12646.4674, 33.690067566064556]
[100607.5, 'A', 3714.4733, 12646.4675, 14.036243621191787]
[100607.7, 'A', 3714.4739, 12646.4678, 18.43494900530773]
[100607.7, 'A', 3714.4739, 12646.4678, 18.43494900530773]
[100607.8, 'A', 3714.4743, 12646.468, 26.5650512291882]
[100608.0, 'A', 3714.475, 12646.4682, 14.036243375967288]
[100608.0, 'A', 3714.475, 12646.4682, 14.036243375967288]
[100608.2, 'A', 3714.4757, 12646.4685, 18.43494900530773]
[100608.2, 'A', 3714.4757, 12646.4685, 18.43494900530773]
[100608.3, 'A', 3714.4761, 12646.4687, 26.56505102074737]
[100608.5, 'A', 3714.4768, 12646.4689, 14.036243375967288]
[100608.6, 'A', 3714.4771, 12646.469, 18.434948692646486]
[100608.7, 'A', 3714.4775, 12646.4691, 14.036243621191787]
[100608.8, 'A', 3714.4778, 12646.4692, 18.434948692646486]
[100608.9, 'A', 3714.4782, 12646.4694, 26.5650512291882]
[100609.0, 'A', 3714.4786, 12646.4695, 14.036243375967288]
[100609.1, 'A', 3714.4789, 12646.4696, 18.43494900530773]
[100609.2, 'A', 3714.4793, 12646.4697, 14.036243375967288]
[100609.3, 'A', 3714.4797, 12646.4698, 14.036243621191787]
[100609.4, 'A', 3714.4801, 12646.4699, 14.036243360640754]
[100609.5, 'A', 3714.4804, 12646.4699, 14.036243360640754]
[100609.6, 'A', 3714.4808, 12646.47, 14.036243375967288]
[100609.7, 'A', 3714.4812, 12646.4701, 14.036243605865252]
[100609.8, 'A', 3714.4815, 12646.4702, 18.43494871870159]
[100609.9, 'A', 3714.482, 12646.4703, 11.309932594274542]
[100610.0, 'A', 3714.4823, 12646.4703, 11.309932594274542]
[100610.1, 'A', 3714.4827, 12646.4704, 14.036243375967288]
[100610.2, 'A', 3714.4831, 12646.4705, 14.036243375967288]
[100610.3, 'A', 3714.4835, 12646.4705, 14.036243375967288]
[100610.4, 'A', 3714.4838, 12646.4706, 18.43494900530773]
[100610.5, 'A', 3714.4842, 12646.4707, 14.036243375967288]
[100610.6, 'A', 3714.4846, 12646.4707, 14.036243375967288]
[100610.7, 'A', 3714.4849, 12646.4708, 18.434948692646486]
[100610.8, 'A', 3714.4854, 12646.4708, 18.434948692646486]
[100610.9, 'A', 3714.4857, 12646.4708, 18.434948692646486]
[100611.0, 'A', 3714.4861, 12646.4709, 14.036243621191787]
[100611.1, 'A', 3714.4866, 12646.4709, 14.036243621191787]
[100611.2, 'A', 3714.4869, 12646.4709, 14.036243621191787]
[100611.3, 'A', 3714.4872, 12646.4709, 14.036243621191787]
[100611.4, 'A', 3714.4877, 12646.4709, 14.036243621191787]
[100611.5, 'A', 3714.488, 12646.471, 18.43494871870159]
[100611.6, 'A', 3714.4885, 12646.471, 18.43494871870159]
[100611.7, 'A', 3714.4888, 12646.471, 18.43494871870159]
[100611.8, 'A', 3714.4893, 12646.471, 18.43494871870159]
[100611.9, 'A', 3714.4896, 12646.471, 18.43494871870159]
[100612.0, 'A', 3714.49, 12646.4711, 14.036243621191787]
[100612.1, 'A', 3714.4904, 12646.4711, 14.036243621191787]
[100612.2, 'A', 3714.4908, 12646.4711, 14.036243621191787]
[100612.3, 'A', 3714.4912, 12646.4711, 14.036243621191787]
[100612.4, 'A', 3714.4916, 12646.4711, 14.036243621191787]
[100612.5, 'A', 3714.4919, 12646.4712, 18.434948692646486]
[100612.6, 'A', 3714.4924, 12646.4712, 18.434948692646486]
[100612.7, 'A', 3714.4928, 12646.4712, 18.434948692646486]
[100612.8, 'A', 3714.4931, 12646.4712, 18.434948692646486]
[100612.9, 'A', 3714.4936, 12646.4712, 18.434948692646486]
[100613.0, 'A', 3714.494, 12646.4712, 18.434948692646486]
[100613.1, 'A', 3714.4943, 12646.4712, 18.434948692646486]
[100613.2, 'A', 3714.4947, 12646.4712, 18.434948692646486]
[100613.3, 'A', 3714.495, 12646.4712, 18.434948692646486]
[100613.4, 'A', 3714.4953, 12646.4713, 18.434948692646486]
[100613.5, 'A', 3714.4956, 12646.4713, 18.434948692646486]
[100613.6, 'A', 3714.4959, 12646.4713, 18.434948692646486]
[100613.7, 'A', 3714.4961, 12646.4713, 18.434948692646486]
[100613.8, 'A', 3714.4962, 12646.4713, 18.434948692646486]
[100613.9, 'A', 3714.4964, 12646.4713, 18.434948692646486]
[100614.0, 'A', 3714.4965, 12646.4713, 18.434948692646486]
[100614.1, 'A', 3714.4967, 12646.4713, 18.434948692646486]
[100614.2, 'A', 3714.4968, 12646.4713, 18.434948692646486]
[100614.3, 'A', 3714.4969, 12646.4713, 18.434948692646486]
[100614.4, 'A', 3714.4969, 12646.4713, 18.434948692646486]
[100614.5, 'A', 3714.497, 12646.4713, 18.434948692646486]
[100614.6, 'A', 3714.4971, 12646.4713, 18.434948692646486]
[100614.7, 'A', 3714.4971, 12646.4713, 18.434948692646486]
[100614.8, 'A', 3714.4971, 12646.4713, 18.434948692646486]
[100614.9, 'A', 3714.4972, 12646.4713, 18.434948692646486]
[100615.0, 'A', 3714.4972, 12646.4713, 18.434948692646486]
[100615.1, 'A', 3714.4972, 12646.4713, 18.434948692646486]
[100615.2, 'A', 3714.4972, 12646.4713, 18.434948692646486]
[100615.3, 'A', 3714.4973, 12646.4713, 18.434948692646486]
[100615.4, 'A', 3714.4973, 12646.4713, 18.434948692646486]
[100615.5, 'A', 3714.4973, 12646.4713, 18.434948692646486]
[100615.6, 'A', 3714.4973, 12646.4713, 18.434948692646486]
[100615.7, 'A', 3714.4973, 12646.4713, 18.434948692646486]
[100615.8, 'A', 3714.4973, 12646.4713, 18.434948692646486]
[100615.9, 'A', 3714.4973, 12646.4713, 18.434948692646486]
[100616.0, 'A', 3714.4973, 12646.4713, 18.434948692646486]
